address	Time(s)	ax(g)	ay(g)	az(g)	wx(deg/s)	wy(deg/s)	wz(deg/s)	AngleX(deg)	AngleY(deg)	AngleZ(deg)	T(°)	Voltage(v)	hx	hy	hz
0x50	 21:12:24.243	-0.0034	0.0479	1.0088	-1.3428	1.1597	0.0000	0.5988	-0.3186	-120.5859	47.62	3.59	0	0	0
0x50	 21:12:24.243	-0.0034	0.0479	1.0088	-1.3428	1.1597	0.0000	0.5988	-0.3076	-120.5859	47.62	3.59	0	0	0
0x50	 21:12:24.243	0.0078	0.0288	1.0068	-0.6104	0.6104	0.0000	0.5988	-0.3021	-120.5859	47.62	3.59	0	0	0
0x50	 21:12:24.243	0.0078	0.0288	1.0068	-0.6104	0.6104	0.0000	0.6042	-0.2966	-120.5859	47.62	3.59	0	0	0
0x50	 21:12:24.243	0.0010	0.0337	1.0034	-1.3428	-0.1221	-0.0610	0.5988	-0.2966	-120.5859	47.61	3.59	0	0	0
0x50	 21:12:24.243	0.0010	0.0337	1.0034	-1.3428	-0.1221	-0.0610	0.5933	-0.2966	-120.5859	47.61	3.59	0	0	0
0x50	 21:12:24.322	0.0078	0.0332	0.9985	-1.0376	-0.9155	0.3662	0.5933	-0.3076	-120.5804	47.62	3.59	0	0	0
0x50	 21:12:24.322	0.0078	0.0332	0.9985	-1.0376	-0.9155	0.3662	0.5933	-0.3186	-120.5750	47.62	3.59	0	0	0
0x50	 21:12:24.322	0.0020	0.0356	1.0024	-0.4272	-1.5259	-1.1597	0.5988	-0.3296	-120.5914	47.63	3.59	0	0	0
0x50	 21:12:24.322	0.0020	0.0356	1.0024	-0.4272	-1.5259	-1.1597	0.5988	-0.3461	-120.6024	47.63	3.59	0	0	0
0x50	 21:12:24.322	0.0063	0.0366	0.9990	1.0376	-1.1597	-0.6714	0.6207	-0.3571	-120.6079	47.62	3.59	0	0	0
0x50	 21:12:24.322	0.0063	0.0366	0.9990	1.0376	-1.1597	-0.6714	0.6372	-0.3680	-120.6134	47.62	3.59	0	0	0
0x50	 21:12:24.322	0.0039	0.0405	1.0005	1.1597	-0.4883	0.4272	0.6592	-0.3735	-120.6079	47.62	3.59	0	0	0
0x50	 21:12:24.354	0.0039	0.0405	1.0005	1.1597	-0.4883	0.4272	0.6812	-0.3790	-120.6079	47.62	3.59	0	0	0
0x50	 21:12:24.354	0.0117	0.0410	1.0034	2.0752	-0.0610	-1.4038	0.7086	-0.3790	-120.6189	47.62	3.59	0	0	0
0x50	 21:12:24.354	0.0117	0.0410	1.0034	2.0752	-0.0610	-1.4038	0.7361	-0.3790	-120.6354	47.62	3.59	0	0	0
0x50	 21:12:24.370	0.0098	0.0430	1.0005	1.4648	0.5493	-0.6714	0.7635	-0.3735	-120.6464	47.62	3.59	0	0	0
0x50	 21:12:24.370	0.0098	0.0430	1.0005	1.4648	0.5493	-0.6714	0.7855	-0.3680	-120.6519	47.62	3.59	0	0	0
0x50	 21:12:24.370	0.0127	0.0396	1.0010	0.8545	0.6714	-0.2441	0.8075	-0.3625	-120.6573	47.63	3.59	0	0	0
0x50	 21:12:24.450	0.0127	0.0396	1.0010	0.8545	0.6714	-0.2441	0.8240	-0.3571	-120.6573	47.63	3.59	0	0	0
0x50	 21:12:24.450	0.0156	0.0264	1.0142	-0.4272	-0.3052	6.8359	0.8350	-0.3571	-120.6244	47.62	3.59	0	0	0
0x50	 21:12:24.450	0.0156	0.0264	1.0142	-0.4272	-0.3052	6.8359	0.8405	-0.3625	-120.5585	47.62	3.59	0	0	0
0x50	 21:12:24.450	0.0039	0.0352	1.0122	-1.4038	0.1831	1.7090	0.8350	-0.3625	-120.5145	47.63	3.59	0	0	0
0x50	 21:12:24.450	0.0039	0.0352	1.0122	-1.4038	0.1831	1.7090	0.8295	-0.3625	-120.4980	47.63	3.59	0	0	0
0x50	 21:12:24.450	0.0122	0.0376	0.9985	-1.8311	0.7324	-3.7231	0.8240	-0.3625	-120.5090	47.61	3.59	0	0	0
0x50	 21:12:24.450	0.0122	0.0376	0.9985	-1.8311	0.7324	-3.7231	0.8130	-0.3516	-120.5475	47.61	3.59	0	0	0
0x50	 21:12:24.496	0.0029	0.0356	1.0112	-1.3428	0.1221	-1.7090	0.8020	-0.3516	-120.5695	47.63	3.59	0	0	0
0x50	 21:12:24.496	0.0029	0.0356	1.0112	-1.3428	0.1221	-1.7090	0.7965	-0.3516	-120.5914	47.63	3.59	0	0	0
0x50	 21:12:24.496	0.0044	0.0342	1.0000	-1.5869	0.0000	0.0000	0.7910	-0.3516	-120.5969	47.62	3.59	0	0	0
0x50	 21:12:24.496	0.0044	0.0342	1.0000	-1.5869	0.0000	0.0000	0.7855	-0.3516	-120.5969	47.62	3.59	0	0	0
0x50	 21:12:24.496	-0.0039	0.0586	0.9951	0.3662	-0.4272	-1.1597	0.7855	-0.3516	-120.6024	47.62	3.59	0	0	0
0x50	 21:12:24.496	-0.0039	0.0586	0.9951	0.3662	-0.4272	-1.1597	0.7965	-0.3571	-120.6134	47.62	3.59	0	0	0
0x50	 21:12:24.496	0.0068	0.0356	0.9995	1.8921	0.2441	0.1831	0.8185	-0.3571	-120.6189	47.62	3.59	0	0	0
0x50	 21:12:24.574	0.0068	0.0356	0.9995	1.8921	0.2441	0.1831	0.8459	-0.3516	-120.6189	47.62	3.59	0	0	0
0x50	 21:12:24.574	0.0054	0.0547	1.0029	2.1973	0.7935	-1.1597	0.8734	-0.3461	-120.6244	47.64	3.59	0	0	0
0x50	 21:12:24.574	0.0054	0.0547	1.0029	2.1973	0.7935	-1.1597	0.9064	-0.3406	-120.6354	47.64	3.59	0	0	0
0x50	 21:12:24.574	0.0122	0.0356	1.0015	2.1362	1.3428	-0.7935	0.9338	-0.3296	-120.6464	47.62	3.59	0	0	0
0x50	 21:12:24.574	0.0122	0.0356	1.0015	2.1362	1.3428	-0.7935	0.9668	-0.3186	-120.6519	47.62	3.59	0	0	0
0x50	 21:12:24.574	0.0347	0.0293	1.0049	0.0000	0.3052	4.0894	0.9833	-0.3076	-120.6354	47.62	3.59	0	0	0
0x50	 21:12:24.637	0.0347	0.0293	1.0049	0.0000	0.3052	4.0894	0.9943	-0.3076	-120.5969	47.62	3.59	0	0	0
0x50	 21:12:24.653	-0.0044	0.0391	1.0171	-1.5869	-0.0610	3.7231	0.9888	-0.3076	-120.5530	47.63	3.59	0	0	0
0x50	 21:12:24.653	-0.0044	0.0391	1.0171	-1.5869	-0.0610	3.7231	0.9833	-0.3131	-120.5200	47.63	3.59	0	0	0
0x50	 21:12:24.653	0.0054	0.0322	1.0088	-2.0142	0.3662	-3.9673	0.9723	-0.3131	-120.5200	47.62	3.59	0	0	0
0x50	 21:12:24.653	0.0054	0.0322	1.0088	-2.0142	0.3662	-3.9673	0.9613	-0.3076	-120.5585	47.62	3.59	0	0	0
0x50	 21:12:24.653	-0.0034	0.0288	1.0073	-1.9531	0.1831	-0.3662	0.9448	-0.3076	-120.5804	47.62	3.59	0	0	0
0x50	 21:12:24.653	-0.0034	0.0288	1.0073	-1.9531	0.1831	-0.3662	0.9338	-0.3076	-120.5859	47.62	3.59	0	0	0
0x50	 21:12:24.684	0.0034	0.0435	0.9946	-0.9766	-0.7935	-1.6479	0.9283	-0.3076	-120.5969	47.62	3.59	0	0	0
0x50	 21:12:24.684	0.0034	0.0435	0.9946	-0.9766	-0.7935	-1.6479	0.9229	-0.3186	-120.6134	47.62	3.59	0	0	0
0x50	 21:12:24.684	-0.0073	0.0469	0.9927	1.7090	-0.7324	-0.3052	0.9338	-0.3241	-120.6189	47.62	3.59	0	0	0
0x50	 21:12:24.684	-0.0073	0.0469	0.9927	1.7090	-0.7324	-0.3052	0.9613	-0.3296	-120.6244	47.62	3.59	0	0	0
0x50	 21:12:24.684	0.0010	0.0449	1.0049	2.6855	-0.0610	-0.3052	0.9888	-0.3351	-120.6299	47.62	3.59	0	0	0
0x50	 21:12:24.684	0.0010	0.0449	1.0049	2.6855	-0.0610	-0.3052	1.0217	-0.3351	-120.6299	47.62	3.59	0	0	0
0x50	 21:12:24.792	0.0073	0.0493	1.0010	2.6855	0.0000	-1.0376	1.0602	-0.3296	-120.6354	47.61	3.59	0	0	0
0x50	 21:12:24.792	0.0073	0.0493	1.0010	2.6855	0.0000	-1.0376	1.0931	-0.3296	-120.6464	47.61	3.59	0	0	0
0x50	 21:12:24.792	0.0381	0.0293	1.0068	-0.4883	-1.0986	6.2256	1.1096	-0.3351	-120.6244	47.62	3.59	0	0	0
0x50	 21:12:24.792	0.0381	0.0293	1.0068	-0.4883	-1.0986	6.2256	1.1151	-0.3516	-120.5585	47.62	3.59	0	0	0
0x50	 21:12:24.792	0.0103	0.0366	1.0205	-2.1362	-1.1597	0.9155	1.1096	-0.3625	-120.5255	47.62	3.59	0	0	0
0x50	 21:12:24.792	0.0103	0.0366	1.0205	-2.1362	-1.1597	0.9155	1.0931	-0.3735	-120.5145	47.62	3.59	0	0	0
0x50	 21:12:24.792	-0.0059	0.0396	1.0112	-2.1362	-0.4272	-4.0283	1.0767	-0.3845	-120.5310	47.62	3.59	0	0	0
0x50	 21:12:24.853	-0.0059	0.0396	1.0112	-2.1362	-0.4272	-4.0283	1.0657	-0.3900	-120.5695	47.62	3.60	0	0	0
0x50	 21:12:24.853	0.0156	0.0337	0.9897	-1.7090	0.3052	-0.1221	1.0547	-0.3900	-120.5914	47.61	3.60	0	0	0
0x50	 21:12:24.853	0.0156	0.0337	0.9897	-1.7090	0.3052	-0.1221	1.0437	-0.3845	-120.5914	47.61	3.59	0	0	0
0x50	 21:12:24.853	-0.0059	0.0615	1.0059	1.2207	0.4883	-1.4648	1.0492	-0.3845	-120.6024	47.62	3.59	0	0	0
0x50	 21:12:24.853	-0.0059	0.0615	1.0059	1.2207	0.4883	-1.4648	1.0657	-0.3790	-120.6134	47.62	3.59	0	0	0
0x50	 21:12:24.853	0.0039	0.0313	0.9858	3.2959	1.5259	-0.6714	1.0986	-0.3680	-120.6244	47.63	3.59	0	0	0
0x50	 21:12:24.904	0.0039	0.0313	0.9858	3.2959	1.5259	-0.6714	1.1371	-0.3516	-120.6354	47.63	3.59	0	0	0
0x50	 21:12:24.904	0.0010	0.0493	1.0117	2.4414	1.6479	-1.1597	1.1755	-0.3351	-120.6409	47.62	3.59	0	0	0
0x50	 21:12:24.904	0.0010	0.0493	1.0117	2.4414	1.6479	-1.1597	1.2030	-0.3186	-120.6519	47.62	3.59	0	0	0
0x50	 21:12:24.905	0.0317	0.0103	1.0122	-0.4272	-0.3662	7.3853	1.2195	-0.3131	-120.6244	47.62	3.59	0	0	0
0x50	 21:12:24.905	0.0317	0.0103	1.0122	-0.4272	-0.3662	7.3853	1.2250	-0.3186	-120.5475	47.62	3.59	0	0	0
0x50	 21:12:24.905	0.0015	0.0420	1.0181	-2.3804	-0.6714	-1.7700	1.2140	-0.3241	-120.5200	47.63	3.59	0	0	0
0x50	 21:12:24.905	0.0015	0.0420	1.0181	-2.3804	-0.6714	-1.7700	1.1975	-0.3351	-120.5365	47.63	3.59	0	0	0
0x50	 21:12:24.981	0.0000	0.0366	1.0146	-2.3804	-0.6104	-1.5869	1.1755	-0.3406	-120.5530	47.62	3.59	0	0	0
0x50	 21:12:24.981	0.0000	0.0366	1.0146	-2.3804	-0.6104	-1.5869	1.1591	-0.3461	-120.5695	47.62	3.59	0	0	0
0x50	 21:12:24.981	0.0034	0.0488	0.9766	-0.7935	-0.4883	-1.1597	1.1481	-0.3516	-120.5859	47.62	3.59	0	0	0
0x50	 21:12:24.981	0.0034	0.0488	0.9766	-0.7935	-0.4883	-1.1597	1.1481	-0.3571	-120.5969	47.62	3.59	0	0	0
0x50	 21:12:24.981	-0.0015	0.0640	1.0063	2.8687	0.0000	-0.3662	1.1646	-0.3571	-120.6024	47.63	3.59	0	0	0
0x50	 21:12:24.981	-0.0015	0.0640	1.0063	2.8687	0.0000	-0.3662	1.2030	-0.3571	-120.6079	47.63	3.59	0	0	0
0x50	 21:12:24.981	0.0024	0.0361	1.0015	3.6011	1.0986	-1.5869	1.2415	-0.3516	-120.6189	47.62	3.59	0	0	0
0x50	 21:12:25.022	0.0024	0.0361	1.0015	3.6011	1.0986	-1.5869	1.2854	-0.3406	-120.6354	47.62	3.59	0	0	0
0x50	 21:12:25.022	0.0488	0.0259	1.0015	-0.1831	-0.4883	6.4087	1.3074	-0.3351	-120.6079	47.62	3.59	0	0	0
0x50	 21:12:25.022	0.0488	0.0259	1.0015	-0.1831	-0.4883	6.4087	1.3129	-0.3461	-120.5475	47.62	3.59	0	0	0
0x50	 21:12:25.022	-0.0088	0.0254	1.0381	-2.8687	-0.1831	-0.5493	1.3019	-0.3516	-120.5145	47.62	3.59	0	0	0
0x50	 21:12:25.022	-0.0088	0.0254	1.0381	-2.8687	-0.1831	-0.5493	1.2799	-0.3516	-120.5200	47.62	3.59	0	0	0
0x50	 21:12:25.022	-0.0088	0.0254	1.0381	-2.8687	-0.1831	-0.5493	1.2524	-0.3571	-120.5255	47.62	3.59	0	0	0
0x50	 21:12:25.089	0.0059	0.0454	0.9927	-2.7466	-0.2441	-2.0752	1.2305	-0.3571	-120.5475	47.63	3.59	0	0	0
0x50	 21:12:25.089	0.0059	0.0454	0.9927	-2.7466	-0.2441	-2.0752	1.2085	-0.3625	-120.5695	47.63	3.59	0	0	0
0x50	 21:12:25.089	-0.0005	0.0474	0.9912	-0.4272	0.0610	-2.0142	1.2140	-0.3625	-120.5859	47.62	3.59	0	0	0
0x50	 21:12:25.089	-0.0005	0.0474	0.9912	-0.4272	0.0610	-2.0142	1.2140	-0.3571	-120.6079	47.62	3.59	0	0	0
0x50	 21:12:25.089	-0.0049	0.0674	0.9966	3.7231	1.1597	-0.3052	1.2579	-0.3461	-120.6134	47.63	3.59	0	0	0
0x50	 21:12:25.089	-0.0049	0.0674	0.9966	3.7231	1.1597	-0.3052	1.3019	-0.3351	-120.6134	47.63	3.59	0	0	0
0x50	 21:12:25.089	0.0034	0.0195	1.0005	3.1738	1.2817	-1.4648	1.3403	-0.3186	-120.6299	47.63	3.59	0	0	0
0x50	 21:12:25.165	0.0034	0.0195	1.0005	3.1738	1.2817	-1.4648	1.3788	-0.3076	-120.6409	47.63	3.59	0	0	0
0x50	 21:12:25.165	0.0308	0.0181	1.0229	-1.7700	-0.7935	8.5449	1.3678	-0.3186	-120.5585	47.62	3.59	0	0	0
0x50	 21:12:25.165	0.0308	0.0181	1.0229	-1.7700	-0.7935	8.5449	1.3513	-0.3296	-120.4706	47.62	3.59	0	0	0
0x50	 21:12:25.165	0.0083	0.0479	1.0161	-3.0518	-1.2207	-4.4556	1.3293	-0.3406	-120.5200	47.61	3.59	0	0	0
0x50	 21:12:25.165	0.0083	0.0479	1.0161	-3.0518	-1.2207	-4.4556	1.3019	-0.3516	-120.5640	47.61	3.59	0	0	0
0x50	 21:12:25.165	0.0029	0.0278	1.0044	-2.3193	-0.2441	-0.2441	1.2854	-0.3571	-120.5640	47.62	3.59	0	0	0
0x50	 21:12:25.212	0.0029	0.0278	1.0044	-2.3193	-0.2441	-0.2441	1.2634	-0.3571	-120.5695	47.62	3.59	0	0	0
0x50	 21:12:25.212	-0.0073	0.0776	0.9761	1.8311	0.2441	-2.0752	1.2909	-0.3571	-120.5859	47.63	3.59	0	0	0
0x50	 21:12:25.212	-0.0073	0.0776	0.9761	1.8311	0.2441	-2.0752	1.3184	-0.3516	-120.6079	47.63	3.59	0	0	0
0x50	 21:12:25.212	0.0024	0.0317	1.0117	4.2725	1.4038	-1.4038	1.3678	-0.3351	-120.6244	47.62	3.59	0	0	0
0x50	 21:12:25.212	0.0024	0.0317	1.0117	4.2725	1.4038	-1.4038	1.4117	-0.3241	-120.6354	47.62	3.59	0	0	0
0x50	 21:12:25.212	0.0522	0.0283	1.0068	0.0000	-0.7935	6.5918	1.4172	-0.3351	-120.5695	47.61	3.59	0	0	0
0x50	 21:12:25.212	0.0522	0.0283	1.0068	0.0000	-0.7935	6.5918	1.4227	-0.3461	-120.5035	47.61	3.59	0	0	0
0x50	 21:12:25.325	-0.0117	0.0205	1.0366	-3.5400	-1.0376	-2.0752	1.3953	-0.3571	-120.5255	47.62	3.59	0	0	0
0x50	 21:12:25.325	-0.0117	0.0205	1.0366	-3.5400	-1.0376	-2.0752	1.3623	-0.3680	-120.5475	47.62	3.59	0	0	0
0x50	 21:12:25.325	0.0083	0.0479	0.9932	-3.2959	-0.1221	-0.7935	1.3348	-0.3680	-120.5530	47.62	3.59	0	0	0
0x50	 21:12:25.325	0.0083	0.0479	0.9932	-3.2959	-0.1221	-0.7935	1.3074	-0.3680	-120.5640	47.62	3.59	0	0	0
0x50	 21:12:25.325	-0.0122	0.0864	0.9771	2.3804	0.3052	-1.1597	1.3348	-0.3680	-120.5750	47.63	3.59	0	0	0
0x50	 21:12:25.325	-0.0122	0.0864	0.9771	2.3804	0.3052	-1.1597	1.3678	-0.3625	-120.5859	47.63	3.60	0	0	0
0x50	 21:12:25.325	-0.0005	0.0352	1.0132	4.6997	1.5259	-1.4038	1.4227	-0.3461	-120.5969	47.62	3.60	0	0	0
0x50	 21:12:25.340	-0.0005	0.0352	1.0132	4.6997	1.5259	-1.4038	1.4777	-0.3296	-120.6134	47.62	3.60	0	0	0
0x50	 21:12:25.340	0.0566	0.0049	1.0083	-0.5493	-0.6714	5.9204	1.4777	-0.3406	-120.5530	47.62	3.60	0	0	0
0x50	 21:12:25.340	0.0566	0.0049	1.0083	-0.5493	-0.6714	5.9204	1.4722	-0.3516	-120.4926	47.62	3.60	0	0	0
0x50	 21:12:25.340	-0.0234	0.0269	1.0371	-3.6621	-1.4648	-2.2583	1.4392	-0.3680	-120.5200	47.62	3.60	0	0	0
0x50	 21:12:25.340	-0.0234	0.0269	1.0371	-3.6621	-1.4648	-2.2583	1.4063	-0.3790	-120.5420	47.62	3.60	0	0	0
0x50	 21:12:25.340	0.0103	0.0615	0.9868	-1.9531	-0.6714	-0.4272	1.3953	-0.3845	-120.5475	47.63	3.60	0	0	0
0x50	 21:12:25.420	0.0103	0.0615	0.9868	-1.9531	-0.6714	-0.4272	1.3788	-0.3955	-120.5475	47.63	3.59	0	0	0
0x50	 21:12:25.422	-0.0103	0.0640	0.9775	3.1738	0.2441	-0.8545	1.4172	-0.3900	-120.5585	47.62	3.59	0	0	0
0x50	 21:12:25.422	-0.0103	0.0640	0.9775	3.1738	0.2441	-0.8545	1.4557	-0.3845	-120.5695	47.62	3.59	0	0	0
0x50	 21:12:25.422	0.0039	0.0308	1.0137	3.7842	1.2817	-2.0142	1.4996	-0.3735	-120.5859	47.62	3.59	0	0	0
0x50	 21:12:25.422	0.0039	0.0308	1.0137	3.7842	1.2817	-2.0142	1.5436	-0.3571	-120.6079	47.62	3.59	0	0	0
0x50	 21:12:25.422	0.0366	0.0210	1.0269	-0.9766	-1.7700	7.6294	1.5381	-0.3790	-120.5310	47.62	3.59	0	0	0
0x50	 21:12:25.422	0.0366	0.0210	1.0269	-0.9766	-1.7700	7.6294	1.5326	-0.4010	-120.4541	47.62	3.59	0	0	0
0x50	 21:12:25.501	0.0117	0.0112	1.0132	-4.6997	-1.5869	-3.8452	1.4886	-0.4120	-120.4926	47.62	3.59	0	0	0
0x50	 21:12:25.501	0.0117	0.0112	1.0132	-4.6997	-1.5869	-3.8452	1.4447	-0.4285	-120.5310	47.62	3.59	0	0	0
0x50	 21:12:25.501	-0.0073	0.0791	0.9849	-0.0610	0.3662	-1.3428	1.4447	-0.4285	-120.5475	47.62	3.59	0	0	0
0x50	 21:12:25.501	-0.0073	0.0791	0.9849	-0.0610	0.3662	-1.3428	1.4502	-0.4230	-120.5585	47.62	3.59	0	0	0
0x50	 21:12:25.501	-0.0146	0.0762	0.9902	5.5542	1.2817	-1.2817	1.5161	-0.4065	-120.5695	47.64	3.59	0	0	0
0x50	 21:12:25.501	-0.0146	0.0762	0.9902	5.5542	1.2817	-1.2817	1.5765	-0.3955	-120.5859	47.64	3.59	0	0	0
0x50	 21:12:25.552	0.0728	-0.0708	1.0220	0.8545	-0.9155	5.5542	1.5875	-0.4065	-120.5310	47.62	3.59	0	0	0
0x50	 21:12:25.552	0.0728	-0.0708	1.0220	0.8545	-0.9155	5.5542	1.5985	-0.4175	-120.4761	47.62	3.59	0	0	0
0x50	 21:12:25.552	-0.0107	-0.0269	1.0381	-4.7607	0.2441	-2.0752	1.5491	-0.4175	-120.4926	47.62	3.59	0	0	0
0x50	 21:12:25.552	-0.0107	-0.0269	1.0381	-4.7607	0.2441	-2.0752	1.4996	-0.4175	-120.5145	47.62	3.59	0	0	0
0x50	 21:12:25.552	-0.0137	0.0513	0.9819	-1.8921	0.1831	0.0610	1.4777	-0.4175	-120.5145	47.62	3.59	0	0	0
0x50	 21:12:25.552	-0.0137	0.0513	0.9819	-1.8921	0.1831	0.0610	1.4557	-0.4120	-120.5145	47.62	3.59	0	0	0
0x50	 21:12:25.552	-0.0098	0.0039	0.9844	3.8452	1.0986	-1.5259	1.4941	-0.4010	-120.5310	47.62	3.59	0	0	0
0x50	 21:12:25.629	-0.0098	0.0039	0.9844	3.8452	1.0986	-1.5259	1.5271	-0.3900	-120.5420	47.62	3.59	0	0	0
0x50	 21:12:25.629	0.0269	-0.0200	1.0049	3.2959	1.2207	-0.7324	1.5601	-0.3735	-120.5530	47.62	3.59	0	0	0
0x50	 21:12:25.629	0.0269	-0.0200	1.0049	3.2959	1.2207	-0.7324	1.5875	-0.3625	-120.5585	47.62	3.59	0	0	0
0x50	 21:12:25.629	0.0200	-0.0410	1.0420	-2.1362	-0.6714	5.9204	1.5601	-0.3735	-120.4980	47.62	3.59	0	0	0
0x50	 21:12:25.629	0.0200	-0.0410	1.0420	-2.1362	-0.6714	5.9204	1.5271	-0.3845	-120.4376	47.62	3.59	0	0	0
0x50	 21:12:25.629	0.1377	-0.3394	1.1055	5.0659	9.5825	-35.7056	1.5656	-0.2802	-120.7947	47.62	3.59	0	0	0
0x50	 21:12:25.629	0.1377	-0.3394	1.1055	5.0659	9.5825	-35.7056	1.5875	-0.1868	-121.1517	47.62	3.59	0	0	0
0x50	 21:12:25.679	-0.1533	-0.0293	0.8408	-10.2539	3.4180	-6.2866	1.4557	-0.1538	-121.2122	47.62	3.59	0	0	0
0x50	 21:12:25.679	-0.1533	-0.0293	0.8408	-10.2539	3.4180	-6.2866	1.3239	-0.1208	-121.2726	47.62	3.59	0	0	0
0x50	 21:12:25.679	0.0742	-1.7139	2.4409	-18.5547	6.3477	-9.4604	1.0876	-0.0549	-121.3660	47.62	3.59	0	0	0
0x50	 21:12:25.679	0.2603	-6.8564	9.7563	-18.5547	6.3477	-9.4604	0.7910	0.0000	-121.4594	47.62	3.59	0	0	0
0x50	 21:12:25.680	-0.0088	-1.6196	1.4634	-114.0747	6.7749	-5.4321	-0.4834	0.0659	-121.5143	47.62	3.59	0	0	0
0x50	 21:12:25.680	-0.0088	-1.6196	1.4634	-114.0747	6.7749	-5.4321	-1.7743	0.1263	-121.5747	47.62	3.59	0	0	0
0x50	 21:12:25.752	-0.1367	-0.7627	0.9834	-156.3110	4.5166	-42.8467	-3.4882	0.1538	-122.0032	47.62	3.59	0	0	0
0x50	 21:12:25.753	-0.1367	-0.7627	0.9834	-156.3110	4.5166	-42.8467	-5.1910	0.1648	-122.4371	47.62	3.59	0	0	0
0x50	 21:12:25.753	0.0913	0.0098	0.8833	-162.2314	18.1274	-31.7993	-6.9159	0.2417	-122.8162	47.62	3.59	0	0	0
0x50	 21:12:25.753	0.0913	0.0098	0.8833	-162.2314	18.1274	-31.7993	-8.6517	0.3790	-123.1567	47.62	3.59	0	0	0
0x50	 21:12:25.753	0.0571	0.0342	0.8677	-93.6890	2.6855	-2.5635	-10.0305	0.4504	-123.3435	47.63	3.59	0	0	0
0x50	 21:12:25.753	0.0571	0.0342	0.8677	-93.6890	2.6855	-2.5635	-11.0413	0.4669	-123.3765	47.63	3.59	0	0	0
0x50	 21:12:25.753	0.0815	-0.1128	0.7432	-45.0439	-3.0518	20.8130	-11.7993	0.4779	-123.2886	47.64	3.59	0	0	0
0x50	 21:12:25.807	0.0815	-0.1128	0.7432	-45.0439	-3.0518	20.8130	-12.3102	0.4779	-123.0798	47.64	3.59	0	0	0
0x50	 21:12:25.807	0.0298	-0.2446	0.8057	0.9155	-10.1929	35.5835	-12.5793	0.4669	-122.7887	47.62	3.59	0	0	0
0x50	 21:12:25.807	0.0298	-0.2446	0.8057	0.9155	-10.1929	35.5835	-12.6123	0.4340	-122.4207	47.62	3.59	0	0	0
0x50	 21:12:25.807	0.0078	-0.2295	0.8521	31.1890	-10.9253	38.9404	-12.4969	0.4010	-122.0361	47.61	3.59	0	0	0
0x50	 21:12:25.807	0.0078	-0.2295	0.8521	31.1890	-10.9253	38.9404	-12.2333	0.3680	-121.6351	47.61	3.59	0	0	0
0x50	 21:12:25.807	-0.0273	-0.1826	0.9097	63.0493	0.9766	40.1611	-11.8048	0.3955	-121.2396	47.62	3.59	0	0	0
0x50	 21:12:25.891	-0.0273	-0.1826	0.9097	63.0493	0.9766	40.1611	-11.2170	0.4779	-120.8496	47.62	3.59	0	0	0
0x50	 21:12:25.892	-0.1548	-0.1919	0.8511	81.8481	27.0996	9.3384	-10.5359	0.6537	-120.6299	47.62	3.59	0	0	0
0x50	 21:12:25.892	-0.1548	-0.1919	0.8511	81.8481	27.0996	9.3384	-9.7614	0.9338	-120.5859	47.62	3.59	0	0	0
0x50	 21:12:25.892	-0.0854	-0.1357	0.8428	137.3901	27.4658	-17.5781	-8.7177	1.1975	-120.6738	47.63	3.59	0	0	0
0x50	 21:12:25.892	-0.0854	-0.1357	0.8428	137.3901	27.4658	-17.5781	-7.4048	1.4447	-120.8881	47.63	3.59	0	0	0
0x50	 21:12:25.892	0.1069	-0.2173	1.1104	159.8511	4.3945	6.7139	-5.9821	1.5985	-120.9650	47.62	3.59	0	0	0
0x50	 21:12:25.892	0.1069	-0.2173	1.1104	159.8511	4.3945	6.7139	-4.4440	1.6425	-120.9045	47.62	3.59	0	0	0
0x50	 21:12:25.970	-0.2168	-0.4546	1.5005	112.0605	-11.1084	15.9302	-3.1531	1.6095	-120.7892	47.62	3.59	0	0	0
0x50	 21:12:25.970	-0.2168	-0.4546	1.5005	112.0605	-11.1084	15.9302	-2.1039	1.5051	-120.6244	47.62	3.59	0	0	0
0x50	 21:12:25.970	0.0342	-0.5459	1.0117	5.9204	-0.6104	16.5405	-1.5985	1.4557	-120.4651	47.61	3.59	0	0	0
0x50	 21:12:25.970	0.0342	-0.5459	1.0117	5.9204	-0.6104	16.5405	-1.6260	1.4557	-120.3003	47.61	3.59	0	0	0
0x50	 21:12:25.970	0.0322	-0.2944	0.9370	46.5698	5.3101	21.6675	-1.4612	1.4832	-120.1080	47.62	3.59	0	0	0
0x50	 21:12:25.970	0.0322	-0.2944	0.9370	46.5698	5.3101	21.6675	-1.0876	1.5381	-119.8938	47.62	3.59	0	0	0
0x50	 21:12:25.970	-0.0200	-0.0254	1.0200	-37.1094	12.6953	13.7329	-1.1371	1.6315	-119.7235	47.62	3.59	0	0	0
0x50	 21:12:26.021	-0.0200	-0.0254	1.0200	-37.1094	12.6953	13.7329	-1.5930	1.7578	-119.5917	47.62	3.59	0	0	0
0x50	 21:12:26.021	0.0474	0.0215	1.0513	-0.8545	14.2212	7.6294	-1.8567	1.8896	-119.4928	47.62	3.59	0	0	0
0x50	 21:12:26.021	0.0474	0.0215	1.0513	-0.8545	14.2212	7.6294	-1.9281	2.0270	-119.4214	47.62	3.59	0	0	0
0x50	 21:12:26.021	0.0088	0.3882	0.8569	6.0425	5.4932	-23.0713	-1.9611	2.1094	-119.5038	47.62	3.59	0	0	0
0x50	 21:12:26.021	0.0088	0.3882	0.8569	6.0425	5.4932	-23.0713	-1.9501	2.1478	-119.7400	47.62	3.59	0	0	0
0x50	 21:12:26.022	0.0439	0.4043	0.9380	49.0723	-28.6255	65.0024	-1.6864	2.0270	-119.5313	47.62	3.59	0	0	0
