address	Time(s)	ax(g)	ay(g)	az(g)	wx(deg/s)	wy(deg/s)	wz(deg/s)	AngleX(deg)	AngleY(deg)	AngleZ(deg)	T(°)	Voltage(v)	hx	hy	hz
0x50	 21:05:04.585	-0.0049	0.0547	1.0117	-1.7090	0.3662	-2.1362	0.8844	-0.2802	-119.1687	47.68	3.59	0	0	0
0x50	 21:05:04.599	-0.0049	0.0547	1.0117	-1.7090	0.3662	-2.1362	0.8789	-0.2747	-119.1907	47.68	3.59	0	0	0
0x50	 21:05:04.599	0.0005	0.0469	0.9951	-1.5869	-0.4883	-0.0610	0.8734	-0.2802	-119.1907	47.68	3.59	0	0	0
0x50	 21:05:04.599	0.0005	0.0469	0.9951	-1.5869	-0.4883	-0.0610	0.8734	-0.2856	-119.1907	47.68	3.59	0	0	0
0x50	 21:05:04.599	-0.0034	0.0620	1.0010	0.0610	-1.6479	-2.1973	0.8844	-0.3021	-119.2126	47.69	3.59	0	0	0
0x50	 21:05:04.599	-0.0034	0.0620	1.0010	0.0610	-1.6479	-2.1973	0.9009	-0.3186	-119.2346	47.69	3.59	0	0	0
0x50	 21:05:04.599	0.0015	0.0537	0.9966	1.8311	-0.7324	-0.1221	0.9338	-0.3241	-119.2346	47.68	3.59	0	0	0
0x50	 21:05:04.647	0.0015	0.0537	0.9966	1.8311	-0.7324	-0.1221	0.9613	-0.3296	-119.2401	47.68	3.59	0	0	0
0x50	 21:05:04.647	0.0063	0.0664	1.0015	2.6245	0.1221	-0.7324	1.0052	-0.3241	-119.2456	47.68	3.59	0	0	0
0x50	 21:05:04.647	0.0063	0.0664	1.0015	2.6245	0.1221	-0.7324	1.0437	-0.3241	-119.2511	47.68	3.59	0	0	0
0x50	 21:05:04.647	0.0122	0.0532	0.9990	2.0142	1.4038	-1.2817	1.0767	-0.3076	-119.2676	47.69	3.59	0	0	0
0x50	 21:05:04.647	0.0122	0.0532	0.9990	2.0142	1.4038	-1.2817	1.1096	-0.2966	-119.2786	47.69	3.59	0	0	0
0x50	 21:05:04.647	0.0313	0.0566	1.0098	0.0000	0.6104	5.7983	1.1206	-0.2911	-119.2181	47.68	3.59	0	0	0
0x50	 21:05:04.728	0.0313	0.0566	1.0098	0.0000	0.6104	5.7983	1.1316	-0.2856	-119.1632	47.68	3.59	0	0	0
0x50	 21:05:04.728	-0.0054	0.0459	1.0151	-1.6479	0.7324	2.9907	1.1316	-0.2802	-119.1302	47.69	3.59	0	0	0
0x50	 21:05:04.728	-0.0054	0.0459	1.0151	-1.6479	0.7324	2.9907	1.1261	-0.2747	-119.1028	47.69	3.59	0	0	0
0x50	 21:05:04.728	0.0063	0.0474	1.0151	-2.6245	0.6714	-4.7607	1.1151	-0.2692	-119.1083	47.68	3.59	0	0	0
0x50	 21:05:04.728	0.0063	0.0474	1.0151	-2.6245	0.6714	-4.7607	1.0986	-0.2637	-119.1577	47.68	3.59	0	0	0
0x50	 21:05:04.728	-0.0093	0.0479	0.9956	-1.6479	0.2441	-0.1831	1.0931	-0.2582	-119.1797	47.68	3.59	0	0	0
0x50	 21:05:04.728	-0.0093	0.0479	0.9956	-1.6479	0.2441	-0.1831	1.0876	-0.2527	-119.1852	47.68	3.59	0	0	0
0x50	 21:05:04.790	-0.0103	0.0645	0.9966	0.0000	-1.5869	-3.0518	1.0876	-0.2582	-119.2017	47.67	3.59	0	0	0
0x50	 21:05:04.790	-0.0103	0.0645	0.9966	0.0000	-1.5869	-3.0518	1.0986	-0.2747	-119.2291	47.67	3.59	0	0	0
0x50	 21:05:04.790	-0.0073	0.0635	0.9902	2.6855	-1.0986	0.0610	1.1261	-0.2856	-119.2456	47.67	3.59	0	0	0
0x50	 21:05:04.790	-0.0073	0.0635	0.9902	2.6855	-1.0986	0.0610	1.1646	-0.2966	-119.2456	47.67	3.59	0	0	0
0x50	 21:05:04.790	0.0063	0.0620	1.0083	2.8076	-0.3662	-0.6714	1.2030	-0.3021	-119.2511	47.68	3.59	0	0	0
0x50	 21:05:04.790	0.0063	0.0620	1.0083	2.8076	-0.3662	-0.6714	1.2469	-0.3021	-119.2566	47.68	3.59	0	0	0
0x50	 21:05:04.851	0.0425	0.0532	1.0000	1.1597	-1.1597	3.3569	1.2744	-0.3076	-119.2401	47.67	3.59	0	0	0
0x50	 21:05:04.851	0.0425	0.0532	1.0000	1.1597	-1.1597	3.3569	1.3019	-0.3186	-119.2072	47.67	3.59	0	0	0
0x50	 21:05:04.851	-0.0044	0.0479	1.0244	-2.3804	-0.9766	5.8594	1.3074	-0.3351	-119.1632	47.68	3.59	0	0	0
0x50	 21:05:04.851	-0.0044	0.0479	1.0244	-2.3804	-0.9766	5.8594	1.2909	-0.3461	-119.1028	47.68	3.59	0	0	0
0x50	 21:05:04.851	0.0088	0.0615	1.0181	-2.5024	0.0000	-5.5542	1.2799	-0.3516	-119.1028	47.67	3.59	0	0	0
0x50	 21:05:04.851	0.0088	0.0615	1.0181	-2.5024	0.0000	-5.5542	1.2634	-0.3461	-119.1577	47.67	3.59	0	0	0
0x50	 21:05:04.851	0.0029	0.0410	0.9863	-1.9531	0.6104	0.5493	1.2524	-0.3461	-119.1852	47.67	3.59	0	0	0
0x50	 21:05:04.931	0.0029	0.0410	0.9863	-1.9531	0.6104	0.5493	1.2469	-0.3406	-119.1797	47.67	3.59	0	0	0
0x50	 21:05:04.931	-0.0024	0.0747	0.9941	1.5259	0.1221	-3.2349	1.2524	-0.3351	-119.1907	47.68	3.59	0	0	0
0x50	 21:05:04.931	-0.0024	0.0747	0.9941	1.5259	0.1221	-3.2349	1.2799	-0.3351	-119.2236	47.68	3.59	0	0	0
0x50	 21:05:04.931	-0.0044	0.0454	1.0044	3.6621	1.8311	-0.6714	1.3184	-0.3241	-119.2456	47.68	3.59	0	0	0
0x50	 21:05:04.931	-0.0044	0.0454	1.0044	3.6621	1.8311	-0.6714	1.3678	-0.3021	-119.2511	47.68	3.59	0	0	0
0x50	 21:05:04.931	0.0288	0.0693	1.0000	2.0752	1.0376	0.1221	1.4063	-0.2856	-119.2511	47.67	3.59	0	0	0
0x50	 21:05:04.931	0.0288	0.0693	1.0000	2.0752	1.0376	0.1221	1.4392	-0.2802	-119.2511	47.67	3.59	0	0	0
0x50	 21:05:04.978	-0.0054	0.0371	1.0303	-2.1973	-0.3052	7.7515	1.4502	-0.2747	-119.2126	47.67	3.59	0	0	0
0x50	 21:05:04.978	-0.0054	0.0371	1.0303	-2.1973	-0.3052	7.7515	1.4392	-0.2802	-119.1357	47.67	3.59	0	0	0
0x50	 21:05:04.978	0.0103	0.0586	1.0103	-3.2349	0.0000	-4.0894	1.4172	-0.2856	-119.1138	47.69	3.59	0	0	0
0x50	 21:05:04.978	0.0103	0.0586	1.0103	-3.2349	0.0000	-4.0894	1.3953	-0.2802	-119.1577	47.69	3.59	0	0	0
0x50	 21:05:04.978	-0.0044	0.0591	0.9902	-1.4038	-0.3662	-1.1597	1.3843	-0.2856	-119.1852	47.68	3.59	0	0	0
0x50	 21:05:04.978	-0.0044	0.0591	0.9902	-1.4038	-0.3662	-1.1597	1.3843	-0.2856	-119.1962	47.68	3.59	0	0	0
0x50	 21:05:05.075	-0.0181	0.0708	0.9946	2.8687	-0.1831	-1.2207	1.4008	-0.2911	-119.2072	47.69	3.59	0	0	0
0x50	 21:05:05.075	-0.0181	0.0708	0.9946	2.8687	-0.1831	-1.2207	1.4392	-0.2911	-119.2181	47.69	3.59	0	0	0
0x50	 21:05:05.075	0.0024	0.0537	1.0029	3.7842	0.6104	-1.8311	1.4832	-0.2856	-119.2346	47.67	3.59	0	0	0
0x50	 21:05:05.075	0.0024	0.0537	1.0029	3.7842	0.6104	-1.8311	1.5326	-0.2747	-119.2511	47.67	3.59	0	0	0
0x50	 21:05:05.075	0.0508	0.0415	1.0093	0.1221	-1.4648	7.5684	1.5601	-0.2802	-119.2236	47.67	3.59	0	0	0
0x50	 21:05:05.075	0.0508	0.0415	1.0093	0.1221	-1.4648	7.5684	1.5710	-0.2966	-119.1467	47.67	3.59	0	0	0
0x50	 21:05:05.075	-0.0103	0.0430	1.0293	-3.6011	-1.7700	-0.9155	1.5656	-0.3186	-119.1138	47.69	3.59	0	0	0
0x50	 21:05:05.109	-0.0103	0.0430	1.0293	-3.6011	-1.7700	-0.9155	1.5381	-0.3351	-119.1248	47.69	3.59	0	0	0
0x50	 21:05:05.109	-0.0020	0.0781	1.0059	-2.3193	-0.4883	-1.1597	1.5161	-0.3461	-119.1357	47.67	3.59	0	0	0
0x50	 21:05:05.109	-0.0020	0.0781	1.0059	-2.3193	-0.4883	-1.1597	1.5051	-0.3516	-119.1467	47.67	3.59	0	0	0
0x50	 21:05:05.109	0.0020	0.0610	0.9731	1.8921	-0.3052	-2.8687	1.5106	-0.3516	-119.1687	47.68	3.59	0	0	0
0x50	 21:05:05.109	0.0020	0.0610	0.9731	1.8921	-0.3052	-2.8687	1.5436	-0.3516	-119.1962	47.68	3.59	0	0	0
0x50	 21:05:05.109	-0.0029	0.0654	1.0078	4.2114	2.1362	-1.5259	1.5820	-0.3461	-119.2181	47.68	3.59	0	0	0
0x50	 21:05:05.193	-0.0029	0.0654	1.0078	4.2114	2.1362	-1.5259	1.6370	-0.3186	-119.2346	47.68	3.59	0	0	0
0x50	 21:05:05.193	0.0493	0.0493	1.0190	0.0000	0.0000	7.4463	1.6699	-0.3131	-119.2017	47.68	3.59	0	0	0
0x50	 21:05:05.193	0.0493	0.0493	1.0190	0.0000	0.0000	7.4463	1.6754	-0.3131	-119.1302	47.68	3.59	0	0	0
0x50	 21:05:05.193	-0.0059	0.0288	1.0205	-4.3335	-0.1831	-1.7090	1.6644	-0.3186	-119.0973	47.68	3.59	0	0	0
0x50	 21:05:05.193	-0.0059	0.0288	1.0205	-4.3335	-0.1831	-1.7090	1.6315	-0.3186	-119.1138	47.68	3.59	0	0	0
0x50	 21:05:05.193	-0.0093	0.0625	1.0024	-2.1973	0.1221	-2.3804	1.6040	-0.3186	-119.1357	47.68	3.59	0	0	0
0x50	 21:05:05.193	-0.0093	0.0625	1.0024	-2.1973	0.1221	-2.3804	1.5930	-0.3186	-119.1632	47.68	3.59	0	0	0
0x50	 21:05:05.241	-0.0249	0.0835	0.9702	4.0894	0.9766	-1.9531	1.6095	-0.3131	-119.1797	47.67	3.59	0	0	0
0x50	 21:05:05.241	-0.0249	0.0835	0.9702	4.0894	0.9766	-1.9531	1.6644	-0.3021	-119.2017	47.67	3.59	0	0	0
0x50	 21:05:05.241	0.0327	0.0562	1.0103	3.5400	0.9766	-0.6104	1.7084	-0.2911	-119.2126	47.68	3.59	0	0	0
0x50	 21:05:05.241	0.0327	0.0562	1.0103	3.5400	0.9766	-0.6104	1.7578	-0.2802	-119.2181	47.68	3.59	0	0	0
0x50	 21:05:05.241	-0.0054	0.0078	1.0483	-3.5400	-1.5259	6.8970	1.7633	-0.2802	-119.1907	47.69	3.59	0	0	0
0x50	 21:05:05.241	-0.0054	0.0078	1.0483	-3.5400	-1.5259	6.8970	1.7358	-0.2966	-119.1193	47.69	3.59	0	0	0
0x50	 21:05:05.241	0.0117	0.0938	0.9888	-3.7842	-0.9766	-2.8687	1.7084	-0.3131	-119.1028	47.68	3.59	0	0	0
0x50	 21:05:05.328	0.0117	0.0938	0.9888	-3.7842	-0.9766	-2.8687	1.6754	-0.3186	-119.1302	47.68	3.59	0	0	0
0x50	 21:05:05.328	0.0010	0.0562	0.9775	1.3428	-1.0376	-1.5259	1.6754	-0.3296	-119.1522	47.67	3.59	0	0	0
0x50	 21:05:05.328	0.0010	0.0562	0.9775	1.3428	-1.0376	-1.5259	1.6974	-0.3406	-119.1687	47.67	3.59	0	0	0
0x50	 21:05:05.328	-0.0166	0.0571	1.0093	4.5776	1.5869	-1.8921	1.7358	-0.3351	-119.1852	47.67	3.59	0	0	0
0x50	 21:05:05.328	-0.0166	0.0571	1.0093	4.5776	1.5869	-1.8921	1.7908	-0.3186	-119.2017	47.67	3.59	0	0	0
0x50	 21:05:05.328	0.0522	0.0435	1.0298	-0.6104	-0.9155	7.2632	1.8182	-0.3131	-119.1742	47.68	3.59	0	0	0
0x50	 21:05:05.378	0.0522	0.0435	1.0298	-0.6104	-0.9155	7.2632	1.8237	-0.3241	-119.1028	47.68	3.59	0	0	0
0x50	 21:05:05.378	-0.0034	0.0571	1.0093	-4.8828	-1.6479	-3.2349	1.8018	-0.3406	-119.0808	47.68	3.59	0	0	0
0x50	 21:05:05.378	-0.0034	0.0571	1.0093	-4.8828	-1.6479	-3.2349	1.7633	-0.3571	-119.1138	47.68	3.59	0	0	0
0x50	 21:05:05.378	-0.0029	0.0635	0.9858	0.1831	0.1221	-0.7324	1.7468	-0.3625	-119.1357	47.68	3.59	0	0	0
0x50	 21:05:05.378	-0.0029	0.0635	0.9858	0.1831	0.1221	-0.7324	1.7578	-0.3625	-119.1412	47.68	3.59	0	0	0
0x50	 21:05:05.378	-0.0254	0.0986	0.9917	5.8594	1.9531	-1.4038	1.7963	-0.3516	-119.1522	47.67	3.59	0	0	0
0x50	 21:05:05.378	-0.0254	0.0986	0.9917	5.8594	1.9531	-1.4038	1.8677	-0.3296	-119.1687	47.67	3.59	0	0	0
0x50	 21:05:05.453	-0.0254	0.0986	0.9917	5.8594	1.9531	-1.4038	1.9336	-0.3076	-119.1797	47.67	3.59	0	0	0
0x50	 21:05:05.453	0.0625	0.0059	1.0308	-0.6104	-0.9155	5.3711	1.9391	-0.3186	-119.1248	47.68	3.59	0	0	0
0x50	 21:05:05.453	0.0625	0.0059	1.0308	-0.6104	-0.9155	5.3711	1.9391	-0.3296	-119.0753	47.68	3.59	0	0	0
0x50	 21:05:05.453	-0.0127	0.0186	1.0127	-5.1270	-1.8921	-2.4414	1.8951	-0.3461	-119.0973	47.67	3.59	0	0	0
0x50	 21:05:05.459	-0.0127	0.0186	1.0127	-5.1270	-1.8921	-2.4414	1.8512	-0.3680	-119.1248	47.67	3.59	0	0	0
0x50	 21:05:05.459	-0.0098	0.1313	0.9785	1.2817	0.0000	-1.0376	1.8677	-0.3680	-119.1357	47.67	3.59	0	0	0
0x50	 21:05:05.516	-0.0098	0.1313	0.9785	1.2817	0.0000	-1.0376	1.8951	-0.3625	-119.1467	47.67	3.59	0	0	0
0x50	 21:05:05.516	-0.0205	0.0435	1.0039	5.6152	1.0986	-1.8921	1.9611	-0.3516	-119.1632	47.68	3.59	0	0	0
0x50	 21:05:05.516	-0.0205	0.0435	1.0039	5.6152	1.0986	-1.8921	2.0215	-0.3351	-119.1797	47.68	3.59	0	0	0
0x50	 21:05:05.516	0.0596	0.0171	1.0498	-2.1973	-2.0142	6.7139	2.0105	-0.3571	-119.1138	47.69	3.59	0	0	0
0x50	 21:05:05.516	0.0596	0.0171	1.0498	-2.1973	-2.0142	6.7139	1.9940	-0.3790	-119.0479	47.69	3.59	0	0	0
0x50	 21:05:05.516	-0.0034	0.0635	0.9917	-4.2114	-1.8311	-2.1973	1.9556	-0.4010	-119.0698	47.68	3.59	0	0	0
0x50	 21:05:05.516	-0.0034	0.0635	0.9917	-4.2114	-1.8311	-2.1973	1.9226	-0.4175	-119.0918	47.68	3.59	0	0	0
0x50	 21:05:05.581	-0.0083	0.0518	0.9712	3.2959	1.5869	-1.4648	1.9611	-0.4010	-119.1083	47.67	3.59	0	0	0
0x50	 21:05:05.581	-0.0083	0.0518	0.9712	3.2959	1.5869	-1.4648	1.9995	-0.3845	-119.1248	47.67	3.59	0	0	0
0x50	 21:05:05.581	0.0220	-0.0044	1.0137	3.6621	0.5493	0.1221	2.0435	-0.3790	-119.1193	47.68	3.59	0	0	0
0x50	 21:05:05.581	0.0220	-0.0044	1.0137	3.6621	0.5493	0.1221	2.0819	-0.3735	-119.1193	47.68	3.59	0	0	0
0x50	 21:05:05.581	0.0078	-0.0610	1.0469	-3.7231	-0.9766	5.0049	2.0435	-0.3845	-119.0698	47.68	3.59	0	0	0
0x50	 21:05:05.581	0.0078	-0.0610	1.0469	-3.7231	-0.9766	5.0049	2.0050	-0.3955	-119.0204	47.68	3.59	0	0	0
0x50	 21:05:05.643	0.0190	0.0078	0.9819	-2.3804	0.1221	-2.6855	1.9775	-0.3955	-119.0479	47.67	3.59	0	0	0
0x50	 21:05:05.643	0.0190	0.0078	0.9819	-2.3804	0.1221	-2.6855	1.9446	-0.3955	-119.0753	47.67	3.59	0	0	0
0x50	 21:05:05.643	-0.0459	0.0469	0.9834	5.5542	2.7466	-2.5635	1.9995	-0.3625	-119.0973	47.68	3.59	0	0	0
0x50	 21:05:05.643	-0.0459	0.0469	0.9834	5.5542	2.7466	-2.5635	2.0490	-0.3351	-119.1248	47.68	3.59	0	0	0
0x50	 21:05:05.643	0.0840	-0.1538	1.1597	6.6528	2.6855	-6.2256	2.1094	-0.3076	-119.1852	47.68	3.59	0	0	0
0x50	 21:05:05.643	0.0840	-0.1538	1.1597	6.6528	2.6855	-6.2256	2.1643	-0.2802	-119.2456	47.68	3.59	0	0	0
0x50	 21:05:05.643	-0.0566	-0.2056	0.8242	-5.8594	7.5073	7.1411	2.0819	-0.2087	-119.1687	47.69	3.59	0	0	0
0x50	 21:05:05.706	-0.0566	-0.2056	0.8242	-5.8594	7.5073	7.1411	1.9995	-0.1373	-119.0973	47.69	3.59	0	0	0
0x50	 21:05:05.706	0.0410	-2.8291	2.9731	-33.0811	18.2495	-15.0146	1.5985	0.0439	-119.2401	47.67	3.59	0	0	0
0x50	 21:05:05.707	0.1265	-11.3174	11.8853	-33.0811	18.2495	-15.0146	1.1096	0.2252	-119.3884	47.67	3.59	0	0	0
0x50	 21:05:05.707	-0.0557	-1.5254	1.3853	-164.1235	8.6060	-29.2969	-0.7086	0.3131	-119.6851	47.67	3.59	0	0	0
0x50	 21:05:05.707	-0.0557	-1.5254	1.3853	-164.1235	8.6060	-29.2969	-2.5269	0.3845	-119.9817	47.67	3.59	0	0	0
0x50	 21:05:05.707	-0.0176	-1.0791	0.8325	-216.3696	14.1602	-18.6157	-4.8669	0.5109	-120.1740	47.68	3.59	0	0	0
0x50	 21:05:05.707	-0.0176	-1.0791	0.8325	-216.3696	14.1602	-18.6157	-7.2015	0.6317	-120.3772	47.68	3.59	0	0	0
0x50	 21:05:05.785	0.0479	0.2354	0.6958	-147.7661	12.2070	-8.9722	-8.8330	0.7361	-120.4871	47.68	3.59	0	0	0
0x50	 21:05:05.785	0.0479	0.2354	0.6958	-147.7661	12.2070	-8.9722	-10.4425	0.8350	-120.5969	47.68	3.59	0	0	0
0x50	 21:05:05.785	0.0840	-0.2314	0.8320	-86.9751	8.6060	16.9678	-11.4258	0.9448	-120.4486	47.69	3.59	0	0	0
0x50	 21:05:05.785	0.0840	-0.2314	0.8320	-86.9751	8.6060	16.9678	-12.3981	1.0547	-120.3058	47.69	3.59	0	0	0
0x50	 21:05:05.785	-0.0088	-0.2163	0.6108	-6.4697	0.7935	27.0386	-12.5629	1.1096	-120.0476	47.68	3.59	0	0	0
0x50	 21:05:05.785	-0.0088	-0.2163	0.6108	-6.4697	0.7935	27.0386	-12.7167	1.1646	-119.7894	47.68	3.59	0	0	0
0x50	 21:05:05.833	0.0190	-0.2280	0.8857	33.7524	10.5591	26.2451	-12.4695	1.3129	-119.5587	47.67	3.59	0	0	0
0x50	 21:05:05.833	0.0190	-0.2280	0.8857	33.7524	10.5591	26.2451	-12.2168	1.4612	-119.3280	47.67	3.59	0	0	0
0x50	 21:05:05.833	-0.0332	-0.2559	0.7275	84.2285	7.7515	30.8838	-11.4532	1.5875	-119.0479	47.67	3.59	0	0	0
0x50	 21:05:05.833	-0.0332	-0.2559	0.7275	84.2285	7.7515	30.8838	-10.6952	1.7084	-118.7622	47.67	3.59	0	0	0
0x50	 21:05:05.833	-0.0610	-0.2051	0.6738	141.5405	11.4746	29.1138	-9.3658	1.8622	-118.5040	47.67	3.59	0	0	0
0x50	 21:05:05.833	-0.0610	-0.2051	0.6738	141.5405	11.4746	29.1138	-8.0420	2.0105	-118.2349	47.67	3.59	0	0	0
0x50	 21:05:05.833	-0.0396	-0.1523	1.2256	188.6597	-18.6768	44.6167	-6.2402	1.8732	-117.7734	47.69	3.59	0	0	0
0x50	 21:05:05.912	-0.0396	-0.1523	1.2256	188.6597	-18.6768	44.6167	-4.4385	1.7194	-117.3175	47.69	3.59	0	0	0
0x50	 21:05:05.912	-0.1235	-0.3823	0.7573	218.2617	-18.7378	48.0347	-2.3566	1.5601	-116.8341	47.67	3.59	0	0	0
0x50	 21:05:05.912	-0.1235	-0.3823	0.7573	218.2617	-18.7378	48.0347	-0.2911	1.3843	-116.3507	47.67	3.59	0	0	0
0x50	 21:05:05.914	-0.0947	-0.3423	1.9219	86.6699	-26.0620	-10.9253	0.4449	1.1316	-116.4606	47.68	3.59	0	0	0
0x50	 21:05:05.914	-0.0947	-0.3423	1.9219	86.6699	-26.0620	-10.9253	1.1920	0.8789	-116.5759	47.68	3.59	0	0	0
0x50	 21:05:05.914	-0.0215	0.3882	1.1382	74.4629	-3.1738	20.7520	1.8347	0.8459	-116.3727	47.67	3.59	0	0	0
0x50	 21:05:05.963	-0.0215	0.3882	1.1382	74.4629	-3.1738	20.7520	2.4884	0.8130	-116.1639	47.67	3.59	0	0	0
0x50	 21:05:05.963	0.0791	0.3550	0.6309	58.2275	-14.7705	20.9961	2.9938	0.6647	-115.9662	47.68	3.59	0	0	0
0x50	 21:05:05.963	0.0791	0.3550	0.6309	58.2275	-14.7705	20.9961	3.5156	0.5054	-115.7629	47.68	3.59	0	0	0
0x50	 21:05:05.963	-0.0156	-0.0054	1.1299	-9.3384	-20.2637	0.2441	3.3618	0.3076	-115.7739	47.68	3.59	0	0	0
0x50	 21:05:05.963	-0.0156	-0.0054	1.1299	-9.3384	-20.2637	0.2441	3.2080	0.1099	-115.7849	47.68	3.59	0	0	0
0x50	 21:05:05.963	-0.0166	0.5879	0.8154	-24.2310	-9.0942	-10.9253	2.9279	0.0275	-115.9003	47.68	3.59	0	0	0
0x50	 21:05:05.963	-0.0166	0.5879	0.8154	-24.2310	-9.0942	-10.9253	2.6752	-0.0439	-116.0156	47.68	3.59	0	0	0
0x50	 21:05:06.055	0.0103	0.2056	1.0581	-42.9688	1.7700	2.1362	2.2412	-0.0220	-115.9937	47.68	3.59	0	0	0
0x50	 21:05:06.055	0.0103	0.2056	1.0581	-42.9688	1.7700	2.1362	1.8182	0.0000	-115.9717	47.68	3.59	0	0	0
0x50	 21:05:06.055	0.0288	0.1060	1.0200	-56.5186	6.1646	4.9438	1.2634	0.0549	-115.9222	47.68	3.59	0	0	0
0x50	 21:05:06.055	0.0288	0.1060	1.0200	-56.5186	6.1646	4.9438	0.7141	0.1208	-115.8728	47.68	3.59	0	0	0
0x50	 21:05:06.055	0.0059	0.0200	0.9780	-24.5361	16.9067	-1.5259	0.4834	0.2856	-115.8893	47.68	3.59	0	0	0
0x50	 21:05:06.055	0.0059	0.0200	0.9780	-24.5361	16.9067	-1.5259	0.2582	0.4559	-115.9058	47.68	3.59	0	0	0
0x50	 21:05:06.055	-0.0181	-0.0054	1.0410	-14.5874	22.1558	-5.1270	0.1263	0.6757	-115.9552	47.68	3.59	0	0	0
0x50	 21:05:06.112	-0.0181	-0.0054	1.0410	-14.5874	22.1558	-5.1270	0.0000	0.8954	-116.0046	47.68	3.59	0	0	0
0x50	 21:05:06.112	-0.0391	-0.0029	0.9980	3.1738	5.1270	-1.4648	0.0385	0.9393	-116.0211	47.68	3.59	0	0	0
0x50	 21:05:06.112	-0.0391	-0.0029	0.9980	3.1738	5.1270	-1.4648	0.0824	0.9888	-116.0376	47.68	3.59	0	0	0
0x50	 21:05:06.112	-0.0381	0.0337	1.0156	5.7373	-4.6387	-1.0986	0.1373	0.9888	-116.0486	47.68	3.59	0	0	0
0x50	 21:05:06.112	-0.0381	0.0337	1.0156	5.7373	-4.6387	-1.0986	0.2032	0.9448	-116.0651	47.68	3.59	0	0	0
0x50	 21:05:06.112	-0.0020	0.0518	1.0068	-1.7090	-2.8076	-0.2441	0.2362	0.9064	-116.0706	47.69	3.59	0	0	0
