StartTime: 2023-06-01 00:45:53.634
address	Time(s)	ax(g)	ay(g)	az(g)	wx(deg/s)	wy(deg/s)	wz(deg/s)	AngleX(deg)	AngleY(deg)	AngleZ(deg)	T(°)	Voltage(v)	hx	hy	hz
0x50	 00:45:53.634	0.0254	0.0181	0.9976	3.9063	-0.6104	-1.5869	2.1863	-1.7029	-49.4989	46.02	4.02	0	0	0
0x50	 00:45:53.634	0.0215	0.0156	0.9946	1.8311	-0.2441	-2.6855	2.2083	-1.7029	-49.5209	46.01	4.02	0	0	0
0x50	 00:45:53.634	0.0215	0.0156	0.9946	1.8311	-0.2441	-2.6855	2.2192	-1.7029	-49.5483	46.01	4.02	0	0	0
0x50	 00:45:53.634	0.0151	0.0103	0.9951	-1.4038	-2.5635	-4.4556	2.2137	-1.7194	-49.5813	46.01	4.02	0	0	0
0x50	 00:45:53.634	0.0151	0.0103	0.9951	-1.4038	-2.5635	-4.4556	2.1973	-1.7413	-49.6252	46.01	4.02	0	0	0
0x50	 00:45:53.634	0.0229	-0.0034	0.9922	-9.3994	-6.1035	-8.0566	2.1368	-1.7798	-49.6857	46.01	4.02	0	0	0
0x50	 00:45:53.714	0.0229	-0.0034	0.9922	-9.3994	-6.1035	-8.0566	2.0380	-1.8347	-49.7681	46.01	4.02	0	0	0
0x50	 00:45:53.714	0.0273	-0.0103	0.9917	-19.7754	-9.3994	-11.9629	1.8896	-1.9061	-49.8724	46.02	4.02	0	0	0
0x50	 00:45:53.714	0.0273	-0.0103	0.9917	-19.7754	-9.3994	-11.9629	1.6864	-1.9940	-49.9933	46.02	4.02	0	0	0
0x50	 00:45:53.714	0.0464	-0.0059	1.0020	-24.8413	-9.5215	-13.7329	1.4612	-2.0819	-50.1196	46.02	4.02	0	0	0
0x50	 00:45:53.714	0.0464	-0.0059	1.0020	-24.8413	-9.5215	-13.7329	1.2140	-2.1698	-50.2570	46.02	4.02	0	0	0
0x50	 00:45:53.714	0.0449	-0.0103	0.9907	-24.1699	-2.5635	-9.4604	0.9668	-2.2247	-50.3778	46.01	4.02	0	0	0
0x50	 00:45:53.714	0.0449	-0.0103	0.9907	-24.1699	-2.5635	-9.4604	0.7251	-2.2467	-50.4712	46.01	4.02	0	0	0
0x50	 00:45:53.808	0.0093	-0.0142	0.9927	-20.4468	9.3994	-11.1084	0.5054	-2.2083	-50.5701	46.01	4.02	0	0	0
0x50	 00:45:53.808	0.0093	-0.0142	0.9927	-20.4468	9.3994	-11.1084	0.3021	-2.1094	-50.6799	46.01	4.02	0	0	0
0x50	 00:45:53.808	-0.0142	0.0078	0.9858	-18.2495	21.1182	-28.7476	0.1154	-1.9556	-50.8777	46.01	4.02	0	0	0
0x50	 00:45:53.808	-0.0142	0.0078	0.9858	-18.2495	21.1182	-28.7476	-0.0494	-1.7413	-51.1633	46.01	4.02	0	0	0
0x50	 00:45:53.808	-0.0195	0.0347	1.0332	-13.9160	11.4136	-45.7764	-0.1978	-1.5765	-51.5369	46.01	4.02	0	0	0
0x50	 00:45:53.808	-0.0195	0.0347	1.0332	-13.9160	11.4136	-45.7764	-0.3241	-1.4612	-51.9928	46.01	4.02	0	0	0
0x50	 00:45:53.840	-0.0352	0.0151	1.0503	-10.1929	7.2021	-55.1758	-0.4285	-1.3678	-52.4927	46.02	4.02	0	0	0
0x50	 00:45:53.840	-0.0352	0.0151	1.0503	-10.1929	7.2021	-55.1758	-0.5109	-1.2964	-53.0475	46.02	4.02	0	0	0
0x50	 00:45:53.840	-0.0049	-0.0020	1.0649	-10.7422	5.7983	-57.7393	-0.5933	-1.2305	-53.6078	46.00	4.02	0	0	0
0x50	 00:45:53.840	-0.0049	-0.0020	1.0649	-10.7422	5.7983	-57.7393	-0.6866	-1.1700	-54.1846	46.00	4.02	0	0	0
0x50	 00:45:53.840	-0.0024	-0.0264	1.0288	-5.6152	11.1694	-54.5654	-0.7471	-1.0876	-54.7504	46.01	4.02	0	0	0
0x50	 00:45:53.840	-0.0024	-0.0264	1.0288	-5.6152	11.1694	-54.5654	-0.7910	-0.9778	-55.2942	46.01	4.02	0	0	0
0x50	 00:45:53.840	0.0356	-0.1006	0.9937	-17.6392	15.3809	-49.0112	-0.8954	-0.8459	-55.8105	46.02	4.02	0	0	0
0x50	 00:45:53.906	0.0356	-0.1006	0.9937	-17.6392	15.3809	-49.0112	-1.0602	-0.6976	-56.3049	46.02	4.02	0	0	0
0x50	 00:45:53.906	-0.0938	0.0952	1.0356	-52.2461	34.9121	-18.7378	-1.4008	-0.4559	-56.6455	46.01	4.02	0	0	0
0x50	 00:45:53.906	-0.0938	0.0952	1.0356	-52.2461	34.9121	-18.7378	-1.9171	-0.1044	-56.8433	46.01	4.02	0	0	0
0x50	 00:45:53.906	-0.1802	0.1958	1.0303	22.7661	26.3672	-33.9966	-2.0490	0.1868	-57.1179	46.00	4.02	0	0	0
0x50	 00:45:53.906	-0.1802	0.1958	1.0303	22.7661	26.3672	-33.9966	-1.8018	0.4504	-57.4640	46.00	4.02	0	0	0
0x50	 00:45:53.906	-0.1123	0.0229	0.9922	57.4341	-18.7378	-48.5229	-1.3843	0.4889	-57.8760	46.01	4.02	0	0	0
0x50	 00:45:53.906	-0.1123	0.0229	0.9922	57.4341	-18.7378	-48.5229	-0.7965	0.3076	-58.3539	46.01	4.02	0	0	0
0x50	 00:45:53.990	-0.1514	0.0137	0.9204	67.4438	-8.1177	-64.3311	-0.1593	0.1868	-58.9197	46.01	4.02	0	0	0
0x50	 00:45:53.990	-0.1514	0.0137	0.9204	67.4438	-8.1177	-64.3311	0.5164	0.1263	-59.5624	46.01	4.02	0	0	0
0x50	 00:45:53.990	-0.2437	0.0498	0.7456	77.7588	-14.9536	-70.8008	1.2469	0.0494	-60.2380	46.01	4.02	0	0	0
0x50	 00:45:53.990	-0.2437	0.0498	0.7456	77.7588	-14.9536	-70.8008	2.0270	-0.0385	-60.9467	46.01	4.02	0	0	0
0x50	 00:45:53.990	-0.2144	0.0542	0.7842	54.1382	-24.1089	-69.3359	2.6862	-0.1648	-61.6553	46.00	4.02	0	0	0
0x50	 00:45:53.990	-0.2144	0.0542	0.7842	54.1382	-24.1089	-69.3359	3.2245	-0.3241	-62.3584	46.00	4.02	0	0	0
0x50	 00:45:54.033	-0.0991	0.0137	1.0415	38.7573	3.6011	-67.3218	3.6859	-0.3406	-63.0450	46.01	4.02	0	0	0
0x50	 00:45:54.033	-0.0991	0.0137	1.0415	38.7573	3.6011	-67.3218	4.0649	-0.2142	-63.7097	46.01	4.02	0	0	0
0x50	 00:45:54.033	-0.1206	0.0488	1.1724	79.4067	32.7148	-61.7065	4.6472	0.0549	-64.3359	46.02	4.02	0	0	0
0x50	 00:45:54.033	-0.1206	0.0488	1.1724	79.4067	32.7148	-61.7065	5.4163	0.4779	-64.9237	46.02	4.02	0	0	0
0x50	 00:45:54.033	-0.1611	0.1445	1.2012	86.2427	38.6353	-31.4941	6.2183	0.9174	-65.3467	46.02	4.02	0	0	0
0x50	 00:45:54.033	-0.1611	0.1445	1.2012	86.2427	38.6353	-31.4941	7.0532	1.3678	-65.6104	46.02	4.02	0	0	0
0x50	 00:45:54.033	-0.1919	0.2158	1.1514	69.4580	18.0054	-20.4468	7.8003	1.7194	-65.8301	46.01	4.02	0	0	0
0x50	 00:45:54.109	-0.1919	0.2158	1.1514	69.4580	18.0054	-20.4468	8.4595	1.9556	-66.0059	46.01	4.02	0	0	0
0x50	 00:45:54.109	-0.2056	0.3047	1.0918	43.0908	8.2397	-26.8555	8.9923	2.1588	-66.2201	46.00	4.02	0	0	0
0x50	 00:45:54.109	-0.2056	0.3047	1.0918	43.0908	8.2397	-26.8555	9.3933	2.3181	-66.4728	46.00	4.02	0	0	0
0x50	 00:45:54.109	-0.1875	0.2993	1.0352	25.2075	-8.3008	-42.4805	9.7064	2.4060	-66.8134	46.01	4.02	0	0	0
0x50	 00:45:54.109	-0.1875	0.2993	1.0352	25.2075	-8.3008	-42.4805	9.9316	2.4335	-67.2473	46.01	4.02	0	0	0
0x50	 00:45:54.109	-0.1187	0.1245	1.0479	15.8691	-16.6016	-49.1333	10.1074	2.4280	-67.7197	46.00	4.02	0	0	0
0x50	 00:45:54.175	-0.1187	0.1245	1.0479	15.8691	-16.6016	-49.1333	10.2338	2.3840	-68.2306	46.00	4.02	0	0	0
0x50	 00:45:54.176	-0.0483	-0.0029	0.9771	11.9629	9.3994	-35.3394	10.3381	2.4609	-68.6536	46.01	4.02	0	0	0
0x50	 00:45:54.176	-0.0483	-0.0029	0.9771	11.9629	9.3994	-35.3394	10.4260	2.6477	-68.9832	46.01	4.02	0	0	0
0x50	 00:45:54.176	-0.1431	0.2256	0.8853	-8.7280	-9.0942	-10.9863	10.4095	2.7136	-69.2084	46.02	4.02	0	0	0
0x50	 00:45:54.176	-0.1431	0.2256	0.8853	-8.7280	-9.0942	-10.9863	10.2997	2.6752	-69.3347	46.02	4.02	0	0	0
0x50	 00:45:54.176	-0.0859	0.2036	1.0059	-16.9067	-6.0425	2.3804	10.1569	2.6367	-69.3896	46.01	4.02	0	0	0
0x50	 00:45:54.176	-0.0859	0.2036	1.0059	-16.9067	-6.0425	2.3804	9.9811	2.5983	-69.3732	46.01	4.02	0	0	0
0x50	 00:45:54.237	-0.1240	0.2739	1.1348	-47.2412	-1.4038	-1.4038	9.6515	2.5873	-69.3787	46.01	4.02	0	0	0
0x50	 00:45:54.237	-0.1240	0.2739	1.1348	-47.2412	-1.4038	-1.4038	9.1791	2.6038	-69.3896	46.01	4.02	0	0	0
0x50	 00:45:54.237	-0.1528	0.2705	1.1157	-67.4438	71.2280	9.7656	8.6188	2.9663	-69.2963	46.01	4.02	0	0	0
0x50	 00:45:54.237	-0.1528	0.2705	1.1157	-67.4438	71.2280	9.7656	7.9651	3.6804	-69.0985	46.01	4.02	0	0	0
0x50	 00:45:54.237	-0.3726	0.2432	0.9536	-33.5083	95.4590	53.9551	7.5092	4.4824	-68.6700	46.02	4.02	0	0	0
0x50	 00:45:54.237	-0.3726	0.2432	0.9536	-33.5083	95.4590	53.9551	7.2565	5.3778	-68.0109	46.02	4.02	0	0	0
0x50	 00:45:54.237	-0.3931	0.3628	0.9170	-12.0850	10.8032	12.6953	7.0917	5.8887	-67.6099	46.01	4.02	0	0	0
0x50	 00:45:54.298	-0.3931	0.3628	0.9170	-12.0850	10.8032	12.6953	7.0148	6.0095	-67.4725	46.01	4.02	0	0	0
0x50	 00:45:54.298	-0.3535	0.3091	1.0640	-11.1694	-45.7153	-27.5879	6.9269	5.8777	-67.5659	46.02	4.02	0	0	0
0x50	 00:45:54.298	-0.3535	0.3091	1.0640	-11.1694	-45.7153	-27.5879	6.8225	5.4987	-67.9010	46.02	4.02	0	0	0
0x50	 00:45:54.298	-0.3535	0.3091	1.0640	-11.1694	-45.7153	-27.5879	6.7181	5.1251	-68.2306	46.01	4.02	0	0	0
0x50	 00:45:54.298	-0.3467	0.1421	1.1597	-3.7842	-58.0444	-48.3398	6.6742	4.6582	-68.7854	46.01	4.02	0	0	0
0x50	 00:45:54.298	-0.3467	0.1421	1.1597	-3.7842	-58.0444	-48.3398	6.6302	4.1968	-69.3347	46.01	4.02	0	0	0
0x50	 00:45:54.361	-0.3584	-0.0337	1.0981	20.0195	-32.7148	-48.0957	6.8225	3.9880	-69.8566	46.01	4.02	0	0	0
0x50	 00:45:54.361	-0.3584	-0.0337	1.0981	20.0195	-32.7148	-48.0957	7.0038	3.7848	-70.3784	46.01	4.02	0	0	0
0x50	 00:45:54.361	-0.3428	0.0283	0.8477	58.8989	4.6997	-27.4658	7.5861	3.9386	-70.6476	46.02	4.02	0	0	0
0x50	 00:45:54.376	-0.3428	0.0283	0.8477	58.8989	4.6997	-27.4658	8.1628	4.0924	-70.9113	46.02	4.02	0	0	0
0x50	 00:45:54.376	-0.3530	0.3013	0.5278	55.1147	5.1270	-25.5737	8.7012	4.2517	-71.1584	46.01	4.02	0	0	0
0x50	 00:45:54.376	-0.3530	0.3013	0.5278	55.1147	5.1270	-25.5737	9.2395	4.4220	-71.4056	46.01	4.02	0	0	0
0x50	 00:45:54.376	-0.2539	0.5293	0.4287	11.3525	-30.8228	-60.4248	9.3274	4.3011	-72.0593	46.00	4.02	0	0	0
0x50	 00:45:54.431	-0.2539	0.5293	0.4287	11.3525	-30.8228	-60.4248	9.4318	4.1803	-72.7130	46.00	4.02	0	0	0
0x50	 00:45:54.431	0.0298	0.5342	0.5884	-12.8784	-71.1060	-103.6987	9.2780	3.7299	-73.8611	46.00	4.02	0	0	0
0x50	 00:45:54.431	0.0298	0.5342	0.5884	-12.8784	-71.1060	-103.6987	9.1461	3.2684	-75.0146	46.00	4.02	0	0	0
0x50	 00:45:54.431	0.4111	0.3335	0.8877	-17.3950	-83.2520	-131.7749	8.9648	2.7081	-76.4539	46.01	4.02	0	0	0
0x50	 00:45:54.431	0.4111	0.3335	0.8877	-17.3950	-83.2520	-131.7749	8.8000	2.1259	-77.8931	46.01	4.02	0	0	0
0x50	 00:45:54.431	0.6553	0.1421	1.0259	1.4038	-63.3545	-132.5073	8.8330	1.7139	-79.3103	46.01	4.02	0	0	0
0x50	 00:45:54.487	0.6553	0.1421	1.0259	1.4038	-63.3545	-132.5073	8.8660	1.2799	-80.7220	46.01	4.02	0	0	0
0x50	 00:45:54.487	0.7715	0.0884	0.8853	20.9351	-49.2554	-125.7935	9.0967	0.9503	-82.0404	46.01	4.02	0	0	0
0x50	 00:45:54.487	0.7715	0.0884	0.8853	20.9351	-49.2554	-125.7935	9.3274	0.6042	-83.3643	46.01	4.02	0	0	0
0x50	 00:45:54.487	0.9570	0.1489	0.8252	0.1831	-51.5137	-122.2534	9.3549	0.2087	-84.6552	46.01	4.02	0	0	0
0x50	 00:45:54.487	0.9570	0.1489	0.8252	0.1831	-51.5137	-122.2534	9.3878	-0.2087	-85.9460	46.01	4.02	0	0	0
0x50	 00:45:54.487	2.4961	0.1768	2.2881	-28.1982	-58.3496	-112.1216	9.1406	-0.7416	-87.1490	46.01	4.02	0	0	0
0x50	 00:45:54.487	9.9478	0.7070	9.1450	-28.1982	-58.3496	-112.1216	8.8824	-1.3348	-88.3521	46.01	4.02	0	0	0
0x50	 00:45:54.565	1.4365	-0.0078	1.5015	-48.4009	-27.6489	-83.6792	8.4210	-1.6974	-89.2310	46.00	4.02	0	0	0
0x50	 00:45:54.565	1.4365	-0.0078	1.5015	-48.4009	-27.6489	-83.6792	7.9596	-2.0654	-90.1099	46.00	4.02	0	0	0
0x50	 00:45:54.565	1.3354	-0.0366	1.3447	-32.2266	23.3154	-49.6216	7.6410	-1.9830	-90.5823	46.01	4.02	0	0	0
0x50	 00:45:54.565	1.3354	-0.0366	1.3447	-32.2266	23.3154	-49.6216	7.3224	-1.9116	-91.0602	46.01	4.02	0	0	0
0x50	 00:45:54.565	1.1743	-0.0146	0.9805	-0.8545	61.2183	-29.2969	7.3059	-1.4941	-91.2854	46.02	4.02	0	0	0
0x50	 00:45:54.565	1.1743	-0.0146	0.9805	-0.8545	61.2183	-29.2969	7.2894	-1.0822	-91.5161	46.02	4.02	0	0	0
0x50	 00:45:54.629	1.0771	-0.0044	0.8965	-23.7427	40.8325	-19.2871	7.0367	-0.8954	-91.6754	46.01	4.02	0	0	0
0x50	 00:45:54.629	1.0771	-0.0044	0.8965	-23.7427	40.8325	-19.2871	6.7786	-0.7086	-91.8347	46.01	4.02	0	0	0
0x50	 00:45:54.629	1.0586	0.0391	1.0786	-41.4429	29.4800	6.1646	6.3501	-0.6702	-91.7578	46.01	4.02	0	0	0
0x50	 00:45:54.629	1.0586	0.0391	1.0786	-41.4429	29.4800	6.1646	5.9161	-0.6317	-91.6809	46.01	4.02	0	0	0
0x50	 00:45:54.629	1.0142	0.0654	1.2314	-35.9497	34.2407	35.7666	5.5371	-0.5713	-91.3074	46.00	4.02	0	0	0
0x50	 00:45:54.629	1.0142	0.0654	1.2314	-35.9497	34.2407	35.7666	5.1636	-0.5109	-90.9338	46.00	4.02	0	0	0
0x50	 00:45:54.629	0.8867	0.1401	1.2280	-38.9404	50.7813	62.2559	4.7626	-0.3021	-90.2856	46.01	4.02	0	0	0
0x50	 00:45:54.692	0.8867	0.1401	1.2280	-38.9404	50.7813	62.2559	4.3671	-0.0879	-89.6320	46.01	4.02	0	0	0
0x50	 00:45:54.692	0.7017	0.1675	1.1484	-54.9927	45.0439	90.9424	3.8177	0.0494	-88.6981	46.01	4.02	0	0	0
0x50	 00:45:54.692	0.7017	0.1675	1.1484	-54.9927	45.0439	90.9424	3.2794	0.2087	-87.7643	46.01	4.02	0	0	0
0x50	 00:45:54.692	0.5254	0.2515	1.1318	-59.8145	73.6084	122.9858	2.7026	0.6482	-86.4954	46.01	4.02	0	0	0
0x50	 00:45:54.692	0.5254	0.2515	1.1318	-59.8145	73.6084	122.9858	2.1478	1.1041	-85.2319	46.01	4.02	0	0	0
0x50	 00:45:54.692	0.4399	0.3569	1.2104	-58.6548	59.0210	138.2446	1.6260	1.4282	-83.8202	46.02	4.02	0	0	0
0x50	 00:45:54.692	0.4399	0.3569	1.2104	-58.6548	59.0210	138.2446	1.1206	1.7688	-82.4084	46.02	4.02	0	0	0
0x50	 00:45:54.771	0.2402	0.5381	1.3149	-44.0063	63.4155	143.7988	0.7800	2.1753	-80.9363	46.01	4.02	0	0	0
0x50	 00:45:54.771	0.2402	0.5381	1.3149	-44.0063	63.4155	143.7988	0.4669	2.5983	-79.4696	46.01	4.02	0	0	0
0x50	 00:45:54.771	-0.0015	0.5820	1.1421	-25.0244	73.5474	145.0806	0.3625	3.1421	-77.9810	46.01	4.02	0	0	0
0x50	 00:45:54.771	-0.0015	0.5820	1.1421	-25.0244	73.5474	145.0806	0.2802	3.6969	-76.4978	46.01	4.02	0	0	0
0x50	 00:45:54.771	-0.2646	0.4307	0.8394	-42.4194	78.8574	145.1416	0.0494	4.3176	-75.0037	46.01	4.02	0	0	0
0x50	 00:45:54.771	-0.2646	0.4307	0.8394	-42.4194	78.8574	145.1416	-0.1538	4.9603	-73.5150	46.01	4.02	0	0	0
0x50	 00:45:54.836	-0.4531	0.2856	0.5630	-59.8145	48.8892	151.9165	-0.5109	5.3284	-71.9604	46.02	4.02	0	0	0
0x50	 00:45:54.836	-0.4531	0.2856	0.5630	-59.8145	48.8892	151.9165	-0.8514	5.7184	-70.4059	46.02	4.02	0	0	0
0x50	 00:45:54.836	-0.5781	0.3159	0.5156	-61.8286	-13.4888	157.5928	-1.1975	5.5151	-68.7909	46.02	4.02	0	0	0
0x50	 00:45:54.836	-0.5781	0.3159	0.5156	-61.8286	-13.4888	157.5928	-1.5436	5.3448	-67.1759	46.02	4.02	0	0	0
0x50	 00:45:54.836	-0.6147	0.3188	0.7114	-36.8652	-54.9927	156.3721	-1.6425	4.7900	-65.5719	46.01	4.02	0	0	0
0x50	 00:45:54.836	-0.6147	0.3188	0.7114	-36.8652	-54.9927	156.3721	-1.7633	4.2682	-63.9734	46.01	4.02	0	0	0
0x50	 00:45:54.836	-0.6392	0.2646	0.7773	-32.1655	-23.5596	141.0522	-1.8512	4.0814	-62.5452	46.01	4.02	0	0	0
0x50	 00:45:54.963	-0.6392	0.2646	0.7773	-32.1655	-23.5596	141.0522	-1.9446	3.9166	-61.1169	46.01	4.02	0	0	0
0x50	 00:45:54.963	-0.7256	0.1885	0.6431	-25.6348	2.9297	125.7935	-1.9885	4.0320	-59.8590	46.02	4.02	0	0	0
0x50	 00:45:54.963	-0.7256	0.1885	0.6431	-25.6348	2.9297	125.7935	-2.0325	4.1693	-58.6066	46.02	4.02	0	0	0
0x50	 00:45:54.963	-0.8306	0.1538	0.6230	-1.2207	-17.5171	115.8447	-1.8402	4.1199	-57.4475	46.02	4.02	0	0	0
0x50	 00:45:54.963	-0.8306	0.1538	0.6230	-1.2207	-17.5171	115.8447	-1.6534	4.0924	-56.2939	46.02	4.02	0	0	0
0x50	 00:45:54.963	-1.0039	0.1841	0.7075	15.5029	-15.6250	95.7031	-1.3184	4.0869	-55.3491	46.01	4.02	0	0	0
0x50	 00:45:54.963	-1.0039	0.1841	0.7075	15.5029	-15.6250	95.7031	-0.9888	4.1034	-54.4043	46.01	4.02	0	0	0
0x50	 00:45:54.963	-1.1938	0.2090	0.7368	11.9019	-7.0801	77.9419	-0.7086	4.2133	-53.6407	46.00	4.02	0	0	0
0x50	 00:45:54.963	-1.1938	0.2090	0.7368	11.9019	-7.0801	77.9419	-0.4340	4.3396	-52.8827	46.00	4.02	0	0	0
0x50	 00:45:54.963	-1.3516	0.1895	0.7412	20.3247	-14.7095	61.2183	-0.0879	4.4055	-52.2894	46.00	4.02	0	0	0
0x50	 00:45:54.963	-1.3516	0.1895	0.7412	20.3247	-14.7095	61.2183	0.2417	4.4769	-51.7017	46.00	4.02	0	0	0
0x50	 00:45:54.963	-1.4907	0.1548	0.8657	28.6865	-32.7148	38.2690	0.6427	4.3890	-51.3446	46.00	4.02	0	0	0
0x50	 00:45:54.963	-1.4907	0.1548	0.8657	28.6865	-32.7148	38.2690	1.0327	4.3011	-50.9875	46.00	4.02	0	0	0
0x50	 00:45:55.040	-1.5581	0.1343	0.9482	18.5547	-9.7046	9.5215	1.2964	4.4659	-50.9161	46.00	4.02	0	0	0
0x50	 00:45:55.040	-1.5581	0.1343	0.9482	18.5547	-9.7046	9.5215	1.5491	4.6307	-50.8447	46.00	4.02	0	0	0
0x50	 00:45:55.040	-1.6021	0.1050	0.9121	28.8696	-11.7798	-22.4609	1.8402	4.7955	-50.9271	46.01	4.02	0	0	0
0x50	 00:45:55.040	-1.6021	0.1050	0.9121	28.8696	-11.7798	-22.4609	2.1643	4.9603	-51.1743	46.01	4.02	0	0	0
0x50	 00:45:55.040	-1.5596	0.0957	0.8276	30.9448	-27.0996	-55.7251	2.4719	5.0647	-51.5918	46.01	4.02	0	0	0
0x50	 00:45:55.040	-1.5596	0.0957	0.8276	30.9448	-27.0996	-55.7251	2.7795	5.1086	-52.1796	46.01	4.02	0	0	0
0x50	 00:45:55.040	-1.3462	0.1445	0.8174	21.7285	-48.8281	-82.4585	3.0212	5.0537	-52.9102	46.01	4.02	0	0	0
0x50	 00:45:55.088	-1.3462	0.1445	0.8174	21.7285	-48.8281	-82.4585	3.2080	4.9054	-53.7891	46.01	4.02	0	0	0
0x50	 00:45:55.088	-1.0811	0.2397	0.8271	1.4038	-59.5093	-99.6704	3.2849	4.7131	-54.7559	46.01	4.02	0	0	0
0x50	 00:45:55.088	-1.0811	0.2397	0.8271	1.4038	-59.5093	-99.6704	3.2684	4.4659	-55.8215	46.01	4.02	0	0	0
0x50	 00:45:55.088	-0.8198	0.3452	0.9023	-16.1133	-66.8335	-118.0420	3.1641	4.1913	-56.9806	46.01	4.02	0	0	0
0x50	 00:45:55.088	-0.8198	0.3452	0.9023	-16.1133	-66.8335	-118.0420	2.9828	3.8727	-58.2440	46.01	4.02	0	0	0
0x50	 00:45:55.088	-0.5781	0.3799	0.9907	-19.5923	-54.5044	-142.0288	2.7905	3.6090	-59.6283	46.00	4.02	0	0	0
0x50	 00:45:55.166	-0.5781	0.3799	0.9907	-19.5923	-54.5044	-142.0288	2.5873	3.4003	-61.1334	46.00	4.02	0	0	0
0x50	 00:45:55.166	-0.3892	0.3672	0.9346	-1.0986	-36.7432	-159.1797	2.4829	3.2684	-62.7264	46.01	4.02	0	0	0
0x50	 00:45:55.166	-0.3892	0.3672	0.9346	-1.0986	-36.7432	-159.1797	2.4719	3.2135	-64.4019	46.01	4.02	0	0	0
0x50	 00:45:55.166	-0.2388	0.3950	0.7212	20.0195	-36.6821	-152.3438	2.5763	3.1531	-66.0498	46.01	4.02	0	0	0
0x50	 00:45:55.166	-0.2388	0.3950	0.7212	20.0195	-36.6821	-152.3438	2.7905	3.0817	-67.6648	46.01	4.02	0	0	0
0x50	 00:45:55.166	-0.0049	0.4839	0.6611	52.4292	-71.4111	-160.8276	3.1805	2.8345	-69.3402	46.01	4.02	0	0	0
0x50	 00:45:55.166	-0.0049	0.4839	0.6611	52.4292	-71.4111	-160.8276	3.7408	2.4170	-71.0706	46.01	4.02	0	0	0
0x50	 00:45:55.215	0.3975	0.4614	0.9980	28.9307	-109.6802	-146.4844	4.2023	1.8018	-72.7515	46.00	4.02	0	0	0
0x50	 00:45:55.215	0.3975	0.4614	0.9980	28.9307	-109.6802	-146.4844	4.5703	0.9833	-74.3774	46.00	4.02	0	0	0
0x50	 00:45:55.215	0.6948	0.2627	1.1274	31.5552	-86.1816	-120.7886	4.9768	0.2472	-75.8716	46.00	4.02	0	0	0
0x50	 00:45:55.215	0.6948	0.2627	1.1274	31.5552	-86.1816	-120.7886	5.3943	-0.3955	-77.2339	46.00	4.02	0	0	0
0x50	 00:45:55.215	0.5898	0.3188	0.7983	78.9795	-48.0347	-109.5581	6.0535	-0.8789	-78.5193	46.02	4.02	0	0	0
0x50	 00:45:55.215	0.5898	0.3188	0.7983	78.9795	-48.0347	-109.5581	6.9543	-1.1810	-79.7278	46.02	4.02	0	0	0
0x50	 00:45:55.293	0.4927	0.6494	0.5229	62.9883	-73.4863	-108.8257	7.7728	-1.6205	-80.9583	46.01	4.02	0	0	0
0x50	 00:45:55.293	0.4927	0.6494	0.5229	62.9883	-73.4863	-108.8257	8.5364	-2.1808	-82.2052	46.01	4.02	0	0	0
0x50	 00:45:55.293	0.7559	0.6455	0.8242	-10.8032	-90.3931	-96.4966	8.9484	-2.8455	-83.4137	46.01	4.02	0	0	0
0x50	 00:45:55.293	0.7559	0.6455	0.8242	-10.8032	-90.3931	-96.4966	9.0088	-3.6200	-84.5673	46.01	4.02	0	0	0
0x50	 00:45:55.293	0.9746	0.3867	1.0034	-25.0244	-51.5747	-90.6372	9.0088	-4.2242	-85.6659	46.01	4.02	0	0	0
0x50	 00:45:55.293	0.9746	0.3867	1.0034	-25.0244	-51.5747	-90.6372	8.9374	-4.6637	-86.6986	46.01	4.02	0	0	0
0x50	 00:45:55.293	0.8408	0.3110	0.6968	35.6445	-2.7466	-102.6611	9.1681	-4.8724	-87.7533	46.01	4.02	0	0	0
0x50	 00:45:55.375	0.8408	0.3110	0.6968	35.6445	-2.7466	-102.6611	9.7009	-4.8450	-88.8190	46.01	4.02	0	0	0
0x50	 00:45:55.375	0.7334	0.4028	0.4634	57.9834	-19.7754	-113.8306	10.3436	-4.8889	-89.9561	46.01	4.02	0	0	0
0x50	 00:45:55.375	0.7334	0.4028	0.4634	57.9834	-19.7754	-113.8306	11.1072	-5.0153	-91.1591	46.01	4.02	0	0	0
0x50	 00:45:55.375	1.0127	0.3838	0.6465	10.6201	-47.7295	-109.4360	11.6345	-5.2734	-92.3676	46.00	4.02	0	0	0
0x50	 00:45:55.375	1.0127	0.3838	0.6465	10.6201	-47.7295	-109.4360	11.9312	-5.6854	-93.5815	46.00	4.02	0	0	0
0x50	 00:45:55.375	1.3774	0.2017	0.9595	-11.7188	-44.4946	-101.2573	12.1124	-6.0974	-94.7571	46.01	4.02	0	0	0
0x50	 00:45:55.375	1.3774	0.2017	0.9595	-11.7188	-44.4946	-101.2573	12.1729	-6.5094	-95.8887	46.01	4.02	0	0	0
0x50	 00:45:55.420	1.5249	-0.0366	1.0786	8.0566	-5.4321	-74.9512	12.3047	-6.7731	-96.8500	46.00	4.02	0	0	0
0x50	 00:45:55.420	1.5249	-0.0366	1.0786	8.0566	-5.4321	-74.9512	12.5024	-6.8829	-97.6520	46.00	4.02	0	0	0
0x50	 00:45:55.420	1.4121	-0.0811	0.9893	28.9917	29.7852	-48.1567	12.7606	-6.8555	-98.2837	46.00	4.02	0	0	0
0x50	 00:45:55.420	1.4121	-0.0811	0.9893	28.9917	29.7852	-48.1567	13.0902	-6.6962	-98.7506	46.00	4.02	0	0	0
0x50	 00:45:55.420	1.3052	-0.0127	1.0039	26.4893	32.6538	-19.2261	13.3759	-6.5533	-99.0747	46.00	4.02	0	0	0
0x50	 00:45:55.420	1.3052	-0.0127	1.0039	26.4893	32.6538	-19.2261	13.6176	-6.4380	-99.2560	46.00	4.02	0	0	0
0x50	 00:45:55.469	1.2817	0.0664	1.1196	11.5356	41.7480	6.4087	13.7659	-6.3062	-99.2999	46.01	4.02	0	0	0
0x50	 00:45:55.483	1.2817	0.0664	1.1196	11.5356	41.7480	6.4087	13.8153	-6.1633	-99.2120	46.01	4.02	0	0	0
0x50	 00:45:55.483	1.1553	0.1675	1.1772	0.6714	53.0396	23.3765	13.7988	-5.9821	-99.0253	46.00	4.02	0	0	0
0x50	 00:45:55.483	1.1553	0.1675	1.1772	0.6714	53.0396	23.3765	13.7219	-5.7678	-98.7451	46.00	4.02	0	0	0
0x50	 00:45:55.483	0.9766	0.1997	1.1475	-15.8081	55.0537	43.7012	13.5516	-5.5646	-98.3661	46.00	4.02	0	0	0
0x50	 00:45:55.483	0.9766	0.1997	1.1475	-15.8081	55.0537	43.7012	13.2935	-5.3723	-97.8772	46.00	4.02	0	0	0
0x50	 00:45:55.483	0.8643	0.2056	1.1304	-9.9487	57.1289	62.9883	13.0627	-5.1855	-97.2949	46.00	4.02	0	0	0
0x50	 00:45:55.562	0.8643	0.2056	1.1304	-9.9487	57.1289	62.9883	12.8595	-5.0043	-96.6193	46.00	4.02	0	0	0
0x50	 00:45:55.562	0.8320	0.2642	1.1938	19.4702	68.2983	76.8433	12.7991	-4.7791	-95.8612	46.01	4.02	0	0	0
0x50	 00:45:55.562	0.8320	0.2642	1.1938	19.4702	68.2983	76.8433	12.8815	-4.5099	-95.0153	46.01	4.02	0	0	0
0x50	 00:45:55.562	0.7104	0.4189	1.2051	34.7900	65.9180	81.4209	13.0518	-4.2572	-94.1528	46.01	4.02	0	0	0
0x50	 00:45:55.562	0.7104	0.4189	1.2051	34.7900	65.9180	81.4209	13.3044	-4.0210	-93.2629	46.01	4.02	0	0	0
0x50	 00:45:55.562	0.3638	0.5908	1.1772	21.1182	69.2749	76.5381	13.4967	-3.7573	-92.3895	46.01	4.02	0	0	0
0x50	 00:45:55.609	0.3638	0.5908	1.1772	21.1182	69.2749	76.5381	13.6395	-3.4662	-91.5271	46.01	4.02	0	0	0
0x50	 00:45:55.609	0.0322	0.6011	1.0229	47.3633	81.6650	60.9131	13.9307	-3.0872	-90.7251	46.01	4.02	0	0	0
0x50	 00:45:55.609	0.0322	0.6011	1.0229	47.3633	81.6650	60.9131	14.3701	-2.6202	-89.9780	46.01	4.02	0	0	0
0x50	 00:45:55.609	-0.0854	0.4810	0.8228	96.0693	66.0400	42.1143	15.0623	-2.2028	-89.3353	46.01	4.02	0	0	0
0x50	 00:45:55.609	-0.0854	0.4810	0.8228	96.0693	66.0400	42.1143	16.0126	-1.8402	-88.7915	46.01	4.02	0	0	0
0x50	 00:45:55.609	-0.1470	0.3789	0.7349	86.4258	49.0112	49.2554	16.9189	-1.5601	-88.2312	46.02	4.02	0	0	0
0x50	 00:45:55.609	-0.1470	0.3789	0.7349	86.4258	49.0112	49.2554	17.7759	-1.3678	-87.6599	46.02	4.02	0	0	0
0x50	 00:45:55.672	-0.2993	0.3633	0.7378	32.4097	41.5649	76.4160	18.3636	-1.2524	-86.9623	46.01	4.02	0	0	0
0x50	 00:45:55.672	-0.2993	0.3633	0.7378	32.4097	41.5649	76.4160	18.6823	-1.2030	-86.1493	46.01	4.02	0	0	0
0x50	 00:45:55.672	-0.4321	0.3125	0.7881	-6.3477	40.1001	89.7827	18.8086	-1.1646	-85.2704	46.02	4.02	0	0	0
0x50	 00:45:55.672	-0.4321	0.3125	0.7881	-6.3477	40.1001	89.7827	18.7372	-1.1371	-84.3365	46.02	4.02	0	0	0
0x50	 00:45:55.672	-0.4771	0.2188	0.7598	-39.4897	63.6597	96.8628	18.5065	-0.9833	-83.3258	46.01	4.02	0	0	0
0x50	 00:45:55.672	-0.4771	0.2188	0.7598	-39.4897	63.6597	96.8628	18.1110	-0.7086	-82.2491	46.01	4.02	0	0	0
0x50	 00:45:55.672	-0.5259	0.1748	0.6631	-28.6865	57.0679	100.3418	17.7759	-0.4449	-81.1670	46.00	4.02	0	0	0
0x50	 00:45:55.751	-0.5259	0.1748	0.6631	-28.6865	57.0679	100.3418	17.5012	-0.1923	-80.0848	46.00	4.02	0	0	0
0x50	 00:45:55.751	-0.5259	0.1748	0.6631	-28.6865	57.0679	100.3418	17.2321	0.0824	-78.9972	46.02	4.02	0	0	0
0x50	 00:45:55.751	-0.6313	0.1846	0.6021	-27.0386	19.5313	124.3896	16.9794	-0.0439	-77.7942	46.02	4.02	0	0	0
0x50	 00:45:55.751	-0.6313	0.1846	0.6021	-27.0386	19.5313	124.3896	16.7267	-0.1428	-76.5912	46.02	4.02	0	0	0
0x50	 00:45:55.751	-0.6084	0.2524	0.6943	-67.7490	3.3569	144.8975	16.0675	-0.4285	-75.2344	46.02	4.02	0	0	0
0x50	 00:45:55.751	-0.6084	0.2524	0.6943	-67.7490	3.3569	144.8975	15.4028	-0.6812	-73.8776	46.02	4.02	0	0	0
0x50	 00:45:55.799	-0.5342	0.2764	0.8345	-44.6777	26.1230	100.1587	14.9799	-0.5768	-72.8833	46.01	4.02	0	0	0
0x50	 00:45:55.799	-0.5342	0.2764	0.8345	-44.6777	26.1230	100.1587	14.5569	-0.4504	-71.8945	46.01	4.02	0	0	0
0x50	 00:45:55.799	-0.5239	0.3193	0.8418	22.1558	59.7534	39.1846	14.8096	0.1483	-71.4056	46.00	4.02	0	0	0
0x50	 00:45:55.799	-0.5239	0.3193	0.8418	22.1558	59.7534	39.1846	15.0732	0.7581	-70.9167	46.00	4.02	0	0	0
0x50	 00:45:55.799	-0.6567	0.3594	0.7578	44.7998	58.3496	4.6387	15.5566	1.4447	-70.7574	46.00	4.02	0	0	0
0x50	 00:45:55.799	-0.6567	0.3594	0.7578	44.7998	58.3496	4.6387	16.0455	2.1313	-70.5981	46.00	4.02	0	0	0
0x50	 00:45:55.799	-0.8228	0.4692	0.7598	-2.5024	35.8887	19.8364	16.0730	2.5708	-70.3510	46.01	4.02	0	0	0
0x50	 00:45:55.877	-0.8228	0.4692	0.7598	-2.5024	35.8887	19.8364	16.1060	3.0157	-70.1038	46.01	4.02	0	0	0
0x50	 00:45:55.877	-0.7207	0.4990	0.8740	-25.9399	-1.5259	37.3535	15.9192	3.0597	-69.7906	46.01	4.02	0	0	0
0x50	 00:45:55.877	-0.7207	0.4990	0.8740	-25.9399	-1.5259	37.3535	15.7324	3.1091	-69.4775	46.01	4.02	0	0	0
0x50	 00:45:55.877	-0.5000	0.4604	1.0117	-26.0010	-8.9722	28.9307	15.5457	3.1036	-69.2688	46.01	4.02	0	0	0
0x50	 00:45:55.877	-0.5000	0.4604	1.0117	-26.0010	-8.9722	28.9307	15.3589	3.0981	-69.0601	46.01	4.02	0	0	0
0x50	 00:45:55.877	-0.3633	0.4028	1.0459	-20.8740	4.4556	11.4136	15.2106	3.2574	-68.9832	46.01	4.02	0	0	0
0x50	 00:45:55.941	-0.3633	0.4028	1.0459	-20.8740	4.4556	11.4136	15.0677	3.4167	-68.9008	46.01	4.02	0	0	0
0x50	 00:45:55.941	-0.2510	0.3179	1.0269	-13.7939	11.9019	-0.3662	14.9854	3.6639	-68.9172	46.00	4.02	0	0	0
0x50	 00:45:55.941	-0.2510	0.3179	1.0269	-13.7939	11.9019	-0.3662	14.8975	3.9056	-68.9282	46.00	4.02	0	0	0
0x50	 00:45:55.941	-0.1079	0.2241	1.0337	-8.2397	4.2725	2.2583	14.8645	4.0540	-68.9337	46.00	4.02	0	0	0
0x50	 00:45:55.941	-0.1079	0.2241	1.0337	-8.2397	4.2725	2.2583	14.8206	4.1913	-68.9337	46.00	4.02	0	0	0
0x50	 00:45:55.941	-0.0308	0.2163	1.0752	-23.3765	-2.4414	22.3389	14.6338	4.2023	-68.7634	46.00	4.02	0	0	0
0x50	 00:45:55.941	-0.0308	0.2163	1.0752	-23.3765	-2.4414	22.3389	14.4470	4.2078	-68.5822	46.00	4.02	0	0	0
0x50	 00:45:56.020	-0.0127	0.2397	1.1372	-40.1611	-3.5400	35.9497	14.0955	4.1528	-68.2745	46.01	4.02	0	0	0
0x50	 00:45:56.020	-0.0127	0.2397	1.1372	-40.1611	-3.5400	35.9497	13.7439	4.0979	-67.9669	46.01	4.02	0	0	0
0x50	 00:45:56.020	0.0000	0.1973	1.1606	-27.3438	13.9771	26.8555	13.5077	4.2242	-67.7032	46.00	4.02	0	0	0
0x50	 00:45:56.020	0.0000	0.1973	1.1606	-27.3438	13.9771	26.8555	13.2770	4.3396	-67.4396	46.00	4.02	0	0	0
0x50	 00:45:56.020	-0.0708	0.1519	1.0864	4.3945	31.8604	5.0049	13.3429	4.6747	-67.3517	46.00	4.02	0	0	0
0x50	 00:45:56.020	-0.0708	0.1519	1.0864	4.3945	31.8604	5.0049	13.4033	5.0043	-67.2583	46.00	4.02	0	0	0
0x50	 00:45:56.083	-0.1973	0.1836	0.9712	11.5967	30.1514	6.1646	13.5352	5.3119	-67.1539	46.02	4.02	0	0	0
0x50	 00:45:56.083	-0.1973	0.1836	0.9712	11.5967	30.1514	6.1646	13.6615	5.6195	-67.0551	46.02	4.02	0	0	0
0x50	 00:45:56.083	-0.2305	0.2339	0.9390	-5.0659	8.7891	18.8599	13.6340	5.6909	-66.8793	46.01	4.02	0	0	0
0x50	 00:45:56.083	-0.2305	0.2339	0.9390	-5.0659	8.7891	18.8599	13.6066	5.7623	-66.7035	46.01	4.02	0	0	0
0x50	 00:45:56.083	-0.1929	0.2666	0.9927	-21.7896	-5.3101	27.8320	13.4143	5.6744	-66.4728	46.01	4.02	0	0	0
0x50	 00:45:56.146	-0.1929	0.2666	0.9927	-21.7896	-5.3101	27.8320	13.2275	5.5920	-66.2366	46.01	4.02	0	0	0
0x50	 00:45:56.146	-0.1416	0.2500	1.0234	-23.4375	-4.3335	26.4893	13.0243	5.5151	-66.0168	46.00	4.02	0	0	0
0x50	 00:45:56.146	-0.1416	0.2500	1.0234	-23.4375	-4.3335	26.4893	12.8210	5.4437	-65.7971	46.00	4.02	0	0	0
0x50	 00:45:56.146	-0.1196	0.2036	1.0020	-12.5122	5.4932	10.3149	12.7112	5.4987	-65.7147	46.01	4.02	0	0	0
0x50	 00:45:56.146	-0.1196	0.2036	1.0020	-12.5122	5.4932	10.3149	12.6068	5.5591	-65.6268	46.01	4.02	0	0	0
0x50	 00:45:56.146	-0.1333	0.1631	0.9531	0.7324	14.4043	-3.4180	12.6178	5.7294	-65.6543	46.01	4.02	0	0	0
0x50	 00:45:56.146	-0.1333	0.1631	0.9531	0.7324	14.4043	-3.4180	12.6233	5.8942	-65.6873	46.01	4.02	0	0	0
0x50	 00:45:56.146	-0.1484	0.1382	0.8940	5.5542	13.4888	-5.0049	12.6782	6.0590	-65.7312	46.00	4.02	0	0	0
0x50	 00:45:56.146	-0.1484	0.1382	0.8940	5.5542	13.4888	-5.0049	12.7277	6.2183	-65.7806	46.00	4.02	0	0	0
0x50	 00:45:56.195	-0.1445	0.1396	0.8750	1.2207	5.7373	0.9766	12.7386	6.2897	-65.7861	46.01	4.02	0	0	0
0x50	 00:45:56.195	-0.1445	0.1396	0.8750	1.2207	5.7373	0.9766	12.7496	6.3611	-65.7861	46.01	4.02	0	0	0
0x50	 00:45:56.195	-0.1318	0.1816	0.9121	-9.0332	0.0610	9.5825	12.6617	6.3611	-65.7202	46.01	4.02	0	0	0
0x50	 00:45:56.195	-0.1318	0.1816	0.9121	-9.0332	0.0610	9.5825	12.5793	6.3556	-65.6543	46.01	4.02	0	0	0
0x50	 00:45:56.195	-0.0991	0.1821	0.9595	-9.0332	3.6011	9.4604	12.4915	6.3831	-65.5774	46.00	4.02	0	0	0
0x50	 00:45:56.195	-0.0991	0.1821	0.9595	-9.0332	3.6011	9.4604	12.4091	6.4105	-65.5060	46.00	4.02	0	0	0
0x50	 00:45:56.275	-0.0923	0.1694	0.9556	-1.1597	10.5591	3.6011	12.3981	6.5204	-65.4730	46.00	4.02	0	0	0
0x50	 00:45:56.275	-0.0923	0.1694	0.9556	-1.1597	10.5591	3.6011	12.3816	6.6248	-65.4401	46.00	4.02	0	0	0
0x50	 00:45:56.275	-0.1064	0.1606	0.9385	2.6855	8.4839	4.5776	12.4091	6.7017	-65.4016	46.00	4.02	0	0	0
0x50	 00:45:56.275	-0.1064	0.1606	0.9385	2.6855	8.4839	4.5776	12.4365	6.7786	-65.3632	46.00	4.02	0	0	0
0x50	 00:45:56.275	-0.1333	0.1733	0.9316	4.9438	2.3804	11.3525	12.4915	6.7841	-65.2753	46.00	4.02	0	0	0
0x50	 00:45:56.275	-0.1333	0.1733	0.9316	4.9438	2.3804	11.3525	12.5409	6.7896	-65.1819	46.00	4.02	0	0	0
0x50	 00:45:56.275	-0.1548	0.1909	0.9326	-1.8921	-8.1177	23.2544	12.5409	6.6687	-64.9951	46.00	4.02	0	0	0
